################################
# 4 Refinement Steps
################################


2020-07-02 17:58:55,980 [INFO] Train on CHORDAL1 via WL.
2020-07-02 17:58:59,404 [INFO] Maximum number of iterations: 100. Refinement steps: 4.
2020-07-02 17:59:17,565 [INFO] Train Accs: [0.66388889 0.65277778 0.7        0.55694444 0.675      0.63611111
 0.64583333 0.65138889 0.62777778 0.65       0.53333333 0.53055556
 0.675      0.52222222 0.62777778 0.56388889 0.59444444 0.50416667
 0.61527778 0.55972222 0.51944444 0.57777778 0.54027778 0.65277778
 0.64444444 0.62777778 0.63333333 0.56527778 0.61944444 0.62361111
 0.59444444 0.65555556 0.51527778 0.64861111 0.51805556 0.51805556
 0.51388889 0.64583333 0.575      0.52361111 0.62083333 0.64861111
 0.63055556 0.62916667 0.52222222 0.65972222 0.65       0.51805556
 0.61666667 0.66527778 0.675      0.51805556 0.64583333 0.64861111
 0.64861111 0.58194444 0.57361111 0.64444444 0.65138889 0.52083333
 0.63194444 0.63472222 0.53888889 0.54722222 0.63055556 0.60138889
 0.63333333 0.65555556 0.51527778 0.66805556 0.63055556 0.61111111
 0.55       0.5875     0.60694444 0.61666667 0.53194444 0.49583333
 0.53888889 0.52083333 0.65277778 0.6125     0.62777778 0.53888889
 0.55138889 0.57777778 0.64583333 0.65555556 0.67916667 0.53888889
 0.54027778 0.52916667 0.64861111 0.64166667 0.59583333 0.51805556
 0.64305556 0.59861111 0.61944444 0.50694444]
2020-07-02 17:59:17,565 [INFO] Avg: 0.598375
2020-07-02 17:59:17,565 [INFO] Std: 0.05467392644601896
2020-07-02 17:59:17,565 [INFO] Max: 0.7
2020-07-02 17:59:17,566 [INFO] Eval Accs: [0.475  0.5    0.475  0.5    0.5875 0.5125 0.475  0.55   0.575  0.5375
 0.525  0.475  0.4375 0.5    0.6625 0.4    0.5125 0.4    0.475  0.475
 0.55   0.425  0.3875 0.5875 0.525  0.575  0.525  0.525  0.4625 0.475
 0.4625 0.525  0.5375 0.5125 0.4875 0.5    0.45   0.4875 0.5375 0.4875
 0.5    0.55   0.5125 0.5    0.55   0.425  0.5    0.5    0.5625 0.5625
 0.4625 0.45   0.475  0.45   0.575  0.4875 0.3875 0.5125 0.55   0.525
 0.4625 0.425  0.4    0.475  0.5625 0.5    0.55   0.5625 0.5375 0.5625
 0.45   0.475  0.4875 0.5625 0.5875 0.45   0.475  0.525  0.4625 0.4625
 0.5625 0.6375 0.5375 0.5375 0.5375 0.5375 0.5625 0.525  0.575  0.525
 0.5    0.525  0.625  0.525  0.525  0.5    0.525  0.5625 0.575  0.5   ]
2020-07-02 17:59:17,566 [INFO] Avg: 0.5098750000000001
2020-07-02 17:59:17,567 [INFO] Std: 0.05265735347508456
2020-07-02 17:59:17,567 [INFO] Max: 0.6625
2020-07-02 17:59:17,659 [INFO] Train on CHORDAL2 via WL.
2020-07-02 17:59:52,414 [INFO] Maximum number of iterations: 100. Refinement steps: 4.
2020-07-02 18:03:53,325 [INFO] Train Accs: [0.54444444 0.53722222 0.44527778 0.61416667 0.61611111 0.52638889
 0.56944444 0.65888889 0.49305556 0.54666667 0.59333333 0.58888889
 0.60527778 0.48194444 0.56611111 0.43972222 0.47611111 0.36277778
 0.56916667 0.46472222 0.58194444 0.51666667 0.60583333 0.59583333
 0.41166667 0.55333333 0.50805556 0.59777778 0.43888889 0.47944444
 0.47638889 0.52888889 0.40138889 0.36361111 0.55       0.54333333
 0.45944444 0.47555556 0.57083333 0.46111111 0.39472222 0.53194444
 0.43861111 0.47972222 0.44416667 0.46583333 0.5        0.48944444
 0.47805556 0.63361111 0.64166667 0.52777778 0.64138889 0.56583333
 0.66555556 0.53416667 0.50111111 0.41944444 0.66388889 0.53666667
 0.36888889 0.54916667 0.58083333 0.63833333 0.51166667 0.46944444
 0.41638889 0.44583333 0.38361111 0.53916667 0.58972222 0.62194444
 0.45722222 0.42861111 0.42138889 0.48444444 0.66416667 0.56
 0.44       0.62027778 0.42083333 0.64166667 0.41805556 0.42888889
 0.55638889 0.51027778 0.53333333 0.38083333 0.68805556 0.43361111
 0.56583333 0.62166667 0.45       0.52777778 0.59222222 0.435
 0.40444444 0.5525     0.57666667 0.6325    ]
2020-07-02 18:03:53,326 [INFO] Avg: 0.51935
2020-07-02 18:03:53,327 [INFO] Std: 0.08094289272515562
2020-07-02 18:03:53,327 [INFO] Max: 0.6880555555555555
2020-07-02 18:03:53,328 [INFO] Eval Accs: [0.5075 0.5375 0.4525 0.5675 0.6175 0.475  0.57   0.6575 0.4975 0.5475
 0.5725 0.5525 0.6125 0.435  0.6175 0.4    0.4875 0.32   0.54   0.41
 0.575  0.51   0.6    0.575  0.41   0.4975 0.4775 0.5575 0.4475 0.4125
 0.4175 0.545  0.325  0.36   0.565  0.54   0.475  0.45   0.5025 0.47
 0.345  0.54   0.42   0.42   0.4625 0.4375 0.515  0.4625 0.44   0.5875
 0.6375 0.5175 0.6325 0.5225 0.6175 0.5175 0.47   0.3925 0.605  0.5225
 0.3525 0.55   0.535  0.6075 0.4275 0.455  0.36   0.36   0.3875 0.525
 0.5675 0.6075 0.455  0.395  0.365  0.4525 0.645  0.53   0.4275 0.6
 0.3925 0.66   0.42   0.4175 0.55   0.4975 0.475  0.355  0.685  0.405
 0.595  0.61   0.44   0.4975 0.575  0.425  0.375  0.5175 0.565  0.5875]
2020-07-02 18:03:53,328 [INFO] Avg: 0.49804999999999994
2020-07-02 18:03:53,328 [INFO] Std: 0.08689259174406068
2020-07-02 18:03:53,328 [INFO] Max: 0.685
2020-07-02 18:03:54,437 [INFO] Train on CONNECT via WL.
2020-07-02 18:03:57,724 [INFO] Maximum number of iterations: 100. Refinement steps: 4.
2020-07-02 18:05:02,534 [INFO] Train Accs: [0.86333333 0.97666667 0.87851852 0.88148148 0.92703704 0.97814815
 0.86037037 0.95518519 0.98703704 0.86703704 0.9562963  0.93148148
 0.96592593 0.94296296 0.88851852 0.92592593 0.98925926 0.81074074
 0.93777778 0.8762963  0.93037037 0.96814815 0.89148148 0.85740741
 0.8362963  0.97296296 0.8962963  0.95740741 0.89777778 0.88333333
 0.90148148 0.8762963  0.94296296 0.93925926 0.86407407 0.96555556
 0.97296296 0.97666667 0.96851852 0.90851852 0.93148148 0.82814815
 0.97407407 0.9362963  0.9637037  0.97       0.96962963 0.83407407
 0.96592593 0.89296296 0.96777778 0.89555556 0.87740741 0.91296296
 0.78259259 0.98111111 0.92962963 0.92888889 0.8737037  0.98888889
 0.88851852 0.92444444 0.99259259 0.98777778 0.8537037  0.98592593
 0.97       0.91       0.91222222 0.92481481 0.94925926 0.95740741
 0.9162963  0.99444444 0.99518519 0.9662963  0.90222222 0.86518519
 0.90222222 0.99296296 0.97296296 0.80814815 0.88814815 0.99074074
 0.90222222 0.98592593 0.89333333 0.92       0.96074074 0.89851852
 0.96333333 0.97666667 0.87333333 0.92481481 0.86851852 0.98481481
 0.94592593 0.9462963  0.92259259 0.93407407]
2020-07-02 18:05:02,535 [INFO] Avg: 0.9256518518518517
2020-07-02 18:05:02,535 [INFO] Std: 0.04881935627725035
2020-07-02 18:05:02,535 [INFO] Max: 0.9951851851851852
2020-07-02 18:05:02,536 [INFO] Eval Accs: [0.78333333 0.93       0.82       0.86333333 0.88666667 0.94
 0.83666667 0.92333333 0.92666667 0.8        0.90333333 0.86333333
 0.91666667 0.9        0.85666667 0.86       0.93333333 0.76666667
 0.89       0.87333333 0.89666667 0.93333333 0.85333333 0.83333333
 0.76       0.91       0.83       0.90666667 0.89666667 0.82666667
 0.83666667 0.80666667 0.91333333 0.89666667 0.84666667 0.92333333
 0.93666667 0.91666667 0.92       0.86666667 0.87666667 0.79333333
 0.95       0.88666667 0.92       0.92666667 0.90666667 0.81333333
 0.91       0.83333333 0.92333333 0.84666667 0.84333333 0.84666667
 0.72333333 0.92666667 0.87333333 0.90666667 0.83       0.93666667
 0.83666667 0.88666667 0.94       0.92666667 0.81666667 0.93333333
 0.94       0.82       0.85333333 0.86666667 0.90666667 0.92333333
 0.85       0.94666667 0.95666667 0.91333333 0.86666667 0.81666667
 0.88333333 0.96       0.93       0.76       0.85       0.95
 0.84333333 0.93       0.81666667 0.86       0.93       0.88666667
 0.94       0.93333333 0.87       0.86666667 0.83       0.95333333
 0.9        0.89       0.89666667 0.89333333]
2020-07-02 18:05:02,537 [INFO] Avg: 0.8803
2020-07-02 18:05:02,537 [INFO] Std: 0.05069318385038454
2020-07-02 18:05:02,537 [INFO] Max: 0.96
2020-07-02 18:05:02,668 [INFO] Train on TRIANGLES via WL.
2020-07-02 18:05:05,519 [INFO] Maximum number of iterations: 100. Refinement steps: 4.
2020-07-02 18:10:25,765 [INFO] Train Accs: [0.83782051 0.83782051 0.83311966 0.85299145 0.84594017 0.83910256
 0.85320513 0.82115385 0.83995726 0.83290598 0.82713675 0.84188034
 0.83974359 0.83632479 0.83931624 0.81965812 0.84102564 0.83675214
 0.81987179 0.83162393 0.84594017 0.84465812 0.83611111 0.83803419
 0.8465812  0.84059829 0.84209402 0.83034188 0.84722222 0.82820513
 0.84166667 0.83504274 0.84700855 0.84059829 0.83141026 0.81666667
 0.83247863 0.83076923 0.84166667 0.84358974 0.84358974 0.84615385
 0.82286325 0.8474359  0.83504274 0.84294872 0.82393162 0.81794872
 0.83482906 0.82264957 0.83226496 0.85213675 0.82628205 0.83076923
 0.83696581 0.82307692 0.84636752 0.81581197 0.83782051 0.83717949
 0.85       0.84017094 0.84487179 0.82970085 0.83653846 0.83076923
 0.83098291 0.83717949 0.83461538 0.82991453 0.83760684 0.84316239
 0.83611111 0.8491453  0.84850427 0.84700855 0.82628205 0.84358974
 0.83760684 0.83931624 0.83696581 0.83504274 0.81602564 0.83205128
 0.83418803 0.84166667 0.83632479 0.85299145 0.83717949 0.84209402
 0.83183761 0.84679487 0.83888889 0.83696581 0.85       0.8292735
 0.83440171 0.81645299 0.83012821 0.825     ]
2020-07-02 18:10:25,766 [INFO] Avg: 0.8364145299145298
2020-07-02 18:10:25,766 [INFO] Std: 0.008921966520620682
2020-07-02 18:10:25,766 [INFO] Max: 0.8532051282051282
2020-07-02 18:10:25,767 [INFO] Eval Accs: [0.18269231 0.21346154 0.20769231 0.19230769 0.17884615 0.17307692
 0.17692308 0.15961538 0.20961538 0.16346154 0.18076923 0.16153846
 0.18846154 0.19230769 0.20192308 0.17884615 0.23846154 0.21538462
 0.19807692 0.17692308 0.19423077 0.16923077 0.19615385 0.20769231
 0.18653846 0.18653846 0.19230769 0.18846154 0.20384615 0.19615385
 0.15961538 0.175      0.19423077 0.18076923 0.18076923 0.13653846
 0.21730769 0.18076923 0.20192308 0.22307692 0.19230769 0.21346154
 0.18076923 0.17884615 0.19038462 0.17307692 0.18269231 0.21538462
 0.20576923 0.17115385 0.21346154 0.20961538 0.2        0.175
 0.19423077 0.18846154 0.18846154 0.15192308 0.18269231 0.21346154
 0.18653846 0.18461538 0.18653846 0.20192308 0.21730769 0.19038462
 0.23269231 0.20769231 0.17692308 0.14230769 0.18076923 0.20576923
 0.22307692 0.2        0.18653846 0.19038462 0.18269231 0.21730769
 0.2        0.20192308 0.20961538 0.19807692 0.175      0.18269231
 0.20769231 0.15192308 0.17884615 0.18846154 0.20576923 0.21538462
 0.19423077 0.18076923 0.19423077 0.19423077 0.20192308 0.175
 0.2        0.16923077 0.18076923 0.20769231]
2020-07-02 18:10:25,768 [INFO] Avg: 0.19109615384615386
2020-07-02 18:10:25,768 [INFO] Std: 0.01840065079566867
2020-07-02 18:10:25,768 [INFO] Max: 0.23846153846153847


################################
# 8 Refinement Steps
################################

2020-07-02 18:12:25,981 [INFO] Train on CHORDAL1 via WL.
2020-07-02 18:12:29,490 [INFO] Maximum number of iterations: 100. Refinement steps: 8
2020-07-02 18:13:02,424 [INFO] Train Accs: [0.55138889 0.64722222 0.64722222 0.64444444 0.68333333 0.65833333
 0.65972222 0.67083333 0.56388889 0.66805556 0.63611111 0.65277778
 0.54861111 0.65138889 0.58194444 0.67222222 0.65833333 0.63333333
 0.66527778 0.64444444 0.65694444 0.64305556 0.67083333 0.65694444
 0.65416667 0.59444444 0.67083333 0.56388889 0.64444444 0.64444444
 0.65138889 0.60833333 0.56111111 0.625      0.62361111 0.63194444
 0.64444444 0.63055556 0.58333333 0.60416667 0.66944444 0.70555556
 0.66388889 0.69166667 0.66527778 0.67777778 0.65138889 0.63472222
 0.66527778 0.65       0.67361111 0.65694444 0.66527778 0.56944444
 0.63333333 0.56666667 0.60555556 0.70138889 0.59027778 0.66666667
 0.67083333 0.675      0.58194444 0.63888889 0.65833333 0.69166667
 0.66944444 0.6625     0.66944444 0.625      0.68472222 0.57638889
 0.65833333 0.64722222 0.67916667 0.65555556 0.68055556 0.64583333
 0.66666667 0.66111111 0.66805556 0.66111111 0.66805556 0.67361111
 0.59027778 0.67361111 0.675      0.59305556 0.5625     0.64444444
 0.64444444 0.62777778 0.65416667 0.64583333 0.65138889 0.68333333
 0.64305556 0.63194444 0.65972222 0.64583333]
2020-07-02 18:13:02,425 [INFO] Avg: 0.6430277777777778
2020-07-02 18:13:02,425 [INFO] Std: 0.03571469378073753
2020-07-02 18:13:02,425 [INFO] Max: 0.7055555555555556
2020-07-02 18:13:02,426 [INFO] Eval Accs: [0.6125 0.5875 0.55   0.5375 0.55   0.5    0.5    0.475  0.35   0.4125
 0.5625 0.5125 0.475  0.4625 0.475  0.45   0.55   0.5    0.575  0.55
 0.45   0.45   0.475  0.4125 0.475  0.4625 0.55   0.5375 0.5625 0.4875
 0.45   0.475  0.55   0.525  0.5375 0.425  0.525  0.4875 0.5375 0.575
 0.4125 0.4375 0.55   0.4875 0.6125 0.5125 0.6375 0.5625 0.525  0.5
 0.525  0.625  0.5625 0.4625 0.4875 0.525  0.55   0.45   0.45   0.525
 0.5375 0.525  0.4875 0.5    0.4625 0.4875 0.5    0.425  0.525  0.475
 0.45   0.4625 0.525  0.4125 0.4125 0.4875 0.525  0.6125 0.5    0.575
 0.4625 0.5375 0.5125 0.5    0.4625 0.5125 0.4625 0.475  0.4875 0.525
 0.5875 0.55   0.4625 0.575  0.5125 0.5375 0.475  0.6    0.4625 0.5   ]
2020-07-02 18:13:02,426 [INFO] Avg: 0.50625
2020-07-02 18:13:02,426 [INFO] Std: 0.05351693657151912
2020-07-02 18:13:02,427 [INFO] Max: 0.6375
2020-07-02 18:13:02,525 [INFO] Train on CHORDAL2 via WL.
2020-07-02 18:13:37,154 [INFO] Maximum number of iterations: 100. Refinement steps: 8
2020-07-02 18:20:53,481 [INFO] Train Accs: [0.67       0.52388889 0.54666667 0.43083333 0.50388889 0.61805556
 0.54638889 0.67472222 0.49972222 0.50277778 0.50166667 0.62361111
 0.58583333 0.56611111 0.52638889 0.62055556 0.37472222 0.68972222
 0.67583333 0.54777778 0.53777778 0.56055556 0.4575     0.62805556
 0.54944444 0.69027778 0.55916667 0.46388889 0.63361111 0.42222222
 0.60277778 0.60888889 0.48333333 0.55083333 0.56777778 0.42
 0.47916667 0.52138889 0.57472222 0.53222222 0.60888889 0.47277778
 0.64055556 0.49361111 0.45       0.53972222 0.41722222 0.46694444
 0.5325     0.51805556 0.63805556 0.4225     0.47472222 0.49694444
 0.52166667 0.65777778 0.37888889 0.45138889 0.38138889 0.49666667
 0.46916667 0.38055556 0.57083333 0.58027778 0.67555556 0.59277778
 0.5925     0.66638889 0.48611111 0.50888889 0.62694444 0.67
 0.50194444 0.55861111 0.43722222 0.59027778 0.41333333 0.59638889
 0.4875     0.54666667 0.62       0.53583333 0.63361111 0.54972222
 0.43638889 0.52361111 0.51916667 0.54472222 0.62166667 0.63277778
 0.46666667 0.59277778 0.49444444 0.55333333 0.52527778 0.44694444
 0.56055556 0.6725     0.55       0.41166667]
2020-07-02 18:20:53,482 [INFO] Avg: 0.5397666666666666
2020-07-02 18:20:53,482 [INFO] Std: 0.07949792993655579
2020-07-02 18:20:53,482 [INFO] Max: 0.6902777777777778
2020-07-02 18:20:53,483 [INFO] Eval Accs: [0.6575 0.525  0.4975 0.415  0.4675 0.6    0.5425 0.6625 0.47   0.4975
 0.4525 0.5925 0.575  0.5325 0.4975 0.5675 0.35   0.63   0.66   0.5275
 0.555  0.57   0.44   0.545  0.5525 0.665  0.4975 0.4325 0.6175 0.4325
 0.6075 0.59   0.4975 0.49   0.51   0.425  0.4525 0.52   0.565  0.4875
 0.615  0.4425 0.595  0.4975 0.4425 0.4825 0.395  0.485  0.5025 0.49
 0.62   0.3875 0.47   0.4625 0.51   0.6525 0.3975 0.4075 0.3475 0.4475
 0.4425 0.38   0.545  0.625  0.7    0.565  0.56   0.635  0.42   0.485
 0.5975 0.64   0.5025 0.5325 0.4225 0.5475 0.41   0.575  0.4825 0.535
 0.5725 0.5425 0.62   0.5225 0.41   0.51   0.53   0.52   0.585  0.5825
 0.42   0.5675 0.465  0.525  0.4725 0.4375 0.53   0.625  0.5175 0.3925]
2020-07-02 18:20:53,484 [INFO] Avg: 0.517725
2020-07-02 18:20:53,484 [INFO] Std: 0.07871554404944427
2020-07-02 18:20:53,484 [INFO] Max: 0.7
2020-07-02 18:20:54,497 [INFO] Train on CONNECT via WL.
2020-07-02 18:20:57,902 [INFO] Maximum number of iterations: 100. Refinement steps: 8
2020-07-02 18:22:53,889 [INFO] Train Accs: [0.97074074 0.93333333 0.98333333 0.97592593 0.98777778 0.97148148
 0.99185185 0.99       0.99555556 0.91518519 0.99814815 0.99444444
 0.99555556 0.99037037 0.96222222 0.98185185 0.98592593 0.95222222
 0.99740741 0.99481481 0.99814815 0.98518519 0.99222222 0.91259259
 0.99481481 0.99777778 0.98185185 0.95888889 0.97814815 0.99777778
 0.99814815 0.99222222 0.96703704 0.97666667 0.97       0.99925926
 0.98777778 0.99962963 0.99740741 0.99962963 0.9962963  0.99555556
 0.99592593 0.99851852 0.97814815 0.99148148 0.99740741 0.99740741
 0.93703704 0.98407407 0.99851852 0.94444444 0.99407407 0.96148148
 0.99       0.99777778 0.99703704 0.98851852 0.94333333 0.99925926
 0.97962963 0.92555556 0.95296296 0.98518519 0.96740741 0.95481481
 0.99481481 0.99518519 0.9937037  0.99259259 0.97703704 0.99407407
 0.98296296 0.99851852 0.99592593 0.99444444 0.99148148 0.96444444
 0.97592593 0.99185185 0.98925926 0.98925926 0.99407407 0.98740741
 0.99851852 0.9662963  0.99555556 0.99888889 0.96185185 0.96148148
 0.99814815 0.99407407 0.98333333 0.99925926 0.99962963 0.98962963
 0.93851852 0.99592593 0.98111111 0.99962963]
2020-07-02 18:22:53,889 [INFO] Avg: 0.9826999999999998
2020-07-02 18:22:53,889 [INFO] Std: 0.019677251458618563
2020-07-02 18:22:53,889 [INFO] Max: 0.9996296296296296
2020-07-02 18:22:53,891 [INFO] Eval Accs: [0.93       0.87333333 0.93       0.92333333 0.95333333 0.93333333
 0.90666667 0.94       0.94       0.89       0.96333333 0.93666667
 0.95666667 0.93333333 0.92       0.91333333 0.93666667 0.87333333
 0.94       0.95666667 0.93333333 0.95666667 0.92       0.88
 0.94       0.92666667 0.94       0.92666667 0.95       0.92666667
 0.93666667 0.97       0.92666667 0.94666667 0.95       0.95
 0.91666667 0.94333333 0.94       0.94       0.94       0.95333333
 0.92333333 0.96       0.91666667 0.95333333 0.96333333 0.93666667
 0.89       0.93333333 0.95666667 0.9        0.94       0.90666667
 0.95       0.96333333 0.94666667 0.91666667 0.91       0.94333333
 0.94       0.88333333 0.91       0.92666667 0.92       0.92666667
 0.93333333 0.95       0.92333333 0.95       0.9        0.94666667
 0.95       0.94333333 0.96333333 0.96666667 0.94333333 0.92333333
 0.89333333 0.94666667 0.95       0.92666667 0.96666667 0.93666667
 0.95666667 0.91       0.93333333 0.92       0.92333333 0.91333333
 0.95666667 0.92666667 0.94666667 0.96       0.96       0.93666667
 0.90333333 0.94333333 0.91333333 0.96      ]
2020-07-02 18:22:53,891 [INFO] Avg: 0.9335666666666665
2020-07-02 18:22:53,891 [INFO] Std: 0.02151616963020034
2020-07-02 18:22:53,891 [INFO] Max: 0.97
2020-07-02 18:22:54,010 [INFO] Train on TRIANGLES via WL.
2020-07-02 18:22:57,006 [INFO] Maximum number of iterations: 100. Refinement steps: 8
2020-07-02 18:30:55,690 [INFO] Train Accs: [0.83012821 0.84102564 0.84273504 0.83354701 0.83247863 0.83910256
 0.83867521 0.83803419 0.83397436 0.83311966 0.84444444 0.82991453
 0.85641026 0.82991453 0.83696581 0.82179487 0.84316239 0.83482906
 0.81816239 0.83034188 0.83632479 0.83290598 0.83803419 0.82948718
 0.84423077 0.83974359 0.83504274 0.82435897 0.82970085 0.84230769
 0.81538462 0.83034188 0.82179487 0.8525641  0.84871795 0.84252137
 0.81623932 0.81923077 0.82371795 0.83888889 0.83696581 0.84017094
 0.83183761 0.84594017 0.83632479 0.83504274 0.82863248 0.83931624
 0.84294872 0.82371795 0.84337607 0.83162393 0.81260684 0.85106838
 0.84123932 0.85021368 0.84935897 0.84358974 0.83696581 0.83611111
 0.84316239 0.83760684 0.83162393 0.84017094 0.84551282 0.84337607
 0.82884615 0.83098291 0.83696581 0.8267094  0.84764957 0.84337607
 0.84529915 0.82777778 0.83311966 0.84893162 0.84850427 0.83418803
 0.83846154 0.85641026 0.83525641 0.82777778 0.84252137 0.82628205
 0.84017094 0.81666667 0.81944444 0.83440171 0.82564103 0.84423077
 0.83440171 0.83910256 0.83782051 0.83034188 0.82371795 0.83354701
 0.84017094 0.83611111 0.82777778 0.82457265]
2020-07-02 18:30:55,691 [INFO] Avg: 0.8355598290598288
2020-07-02 18:30:55,691 [INFO] Std: 0.009116105853395352
2020-07-02 18:30:55,691 [INFO] Max: 0.8564102564102564
2020-07-02 18:30:55,692 [INFO] Eval Accs: [0.19615385 0.19038462 0.15961538 0.19230769 0.20769231 0.17884615
 0.22115385 0.16923077 0.19423077 0.2        0.2        0.21538462
 0.17692308 0.15192308 0.17884615 0.16346154 0.17692308 0.21538462
 0.22307692 0.20769231 0.18076923 0.19230769 0.21346154 0.16730769
 0.18846154 0.22115385 0.18076923 0.18846154 0.18653846 0.19038462
 0.18846154 0.17692308 0.17115385 0.20961538 0.20769231 0.18461538
 0.20384615 0.17115385 0.21153846 0.20769231 0.16730769 0.20769231
 0.15769231 0.21730769 0.18461538 0.20769231 0.20192308 0.20384615
 0.19615385 0.19807692 0.19230769 0.17884615 0.18653846 0.20192308
 0.22692308 0.19807692 0.2        0.2        0.17307692 0.19807692
 0.21346154 0.19807692 0.20192308 0.21153846 0.19807692 0.15961538
 0.19230769 0.16730769 0.17884615 0.18269231 0.19423077 0.20192308
 0.20769231 0.21730769 0.18846154 0.19615385 0.18653846 0.18269231
 0.19423077 0.20384615 0.17115385 0.18653846 0.20192308 0.14038462
 0.18846154 0.2        0.17692308 0.20769231 0.19038462 0.19807692
 0.19423077 0.18461538 0.16923077 0.17692308 0.15       0.17692308
 0.17692308 0.20192308 0.19807692 0.16923077]
2020-07-02 18:30:55,693 [INFO] Avg: 0.19096153846153846
2020-07-02 18:30:55,693 [INFO] Std: 0.017323710536301457
2020-07-02 18:30:55,693 [INFO] Max: 0.22692307692307692


################################
# 2 Refinement Steps
################################

2020-07-03 11:46:14,441 [INFO] Train on CHORDAL1 via WL.
2020-07-03 11:46:17,923 [INFO] Maximum number of iterations: 100. Refinement steps: 2
2020-07-03 11:46:27,132 [INFO] Train Accs: [0.61388889 0.58333333 0.55416667 0.525      0.56666667 0.58194444
 0.53888889 0.49722222 0.47083333 0.52222222 0.49444444 0.53055556
 0.5        0.4875     0.48333333 0.49444444 0.5375     0.49722222
 0.49861111 0.59305556 0.49861111 0.52638889 0.57361111 0.59166667
 0.64027778 0.5        0.58888889 0.52916667 0.53888889 0.60833333
 0.48194444 0.55       0.53333333 0.60972222 0.56111111 0.49583333
 0.54166667 0.56388889 0.55694444 0.59166667 0.52777778 0.50833333
 0.475      0.53611111 0.53611111 0.51944444 0.49027778 0.525
 0.59444444 0.48611111 0.53472222 0.60694444 0.48888889 0.53472222
 0.49305556 0.51111111 0.51666667 0.61527778 0.48333333 0.46805556
 0.53888889 0.50138889 0.54305556 0.59027778 0.49583333 0.575
 0.47777778 0.55416667 0.52222222 0.47638889 0.48472222 0.5125
 0.47638889 0.55694444 0.50555556 0.51527778 0.5125     0.53194444
 0.56111111 0.54027778 0.48888889 0.50416667 0.52083333 0.49583333
 0.54583333 0.55972222 0.49861111 0.59027778 0.52222222 0.55555556
 0.5375     0.60138889 0.55277778 0.54722222 0.47638889 0.55416667
 0.58888889 0.49583333 0.54444444 0.48611111]
2020-07-03 11:46:27,133 [INFO] Avg: 0.5324305555555555
2020-07-03 11:46:27,133 [INFO] Std: 0.04017581682699244
2020-07-03 11:46:27,133 [INFO] Max: 0.6402777777777777
2020-07-03 11:46:27,134 [INFO] Eval Accs: [0.4375 0.4375 0.425  0.575  0.525  0.5375 0.4375 0.45   0.5375 0.5
 0.5125 0.575  0.4625 0.475  0.5    0.525  0.575  0.4375 0.4    0.5
 0.5125 0.4625 0.45   0.575  0.5625 0.5125 0.475  0.4625 0.5875 0.475
 0.4875 0.4125 0.5875 0.5125 0.4375 0.3875 0.4875 0.4625 0.475  0.475
 0.475  0.5625 0.5375 0.4875 0.6    0.3875 0.4875 0.475  0.4375 0.4875
 0.375  0.525  0.475  0.425  0.5375 0.4625 0.5625 0.425  0.425  0.55
 0.4125 0.425  0.5875 0.5125 0.5625 0.425  0.4875 0.4375 0.4625 0.5125
 0.55   0.475  0.4625 0.5125 0.35   0.425  0.525  0.5125 0.525  0.475
 0.45   0.4625 0.45   0.5    0.5375 0.5375 0.425  0.5    0.5625 0.55
 0.4875 0.5125 0.5375 0.5125 0.425  0.5875 0.525  0.575  0.6    0.5125]
2020-07-03 11:46:27,134 [INFO] Avg: 0.49212500000000003
2020-07-03 11:46:27,134 [INFO] Std: 0.055696022075189526
2020-07-03 11:46:27,135 [INFO] Max: 0.6
2020-07-03 11:46:27,241 [INFO] Train on CHORDAL2 via WL.
2020-07-03 11:47:03,803 [INFO] Maximum number of iterations: 100. Refinement steps: 2
2020-07-03 11:49:13,497 [INFO] Train Accs: [0.56305556 0.60055556 0.47472222 0.6375     0.52111111 0.44111111
 0.50833333 0.4875     0.45472222 0.61388889 0.47416667 0.60333333
 0.45638889 0.35194444 0.64527778 0.42972222 0.47444444 0.44972222
 0.53333333 0.42722222 0.47527778 0.5275     0.48666667 0.5525
 0.51916667 0.42638889 0.58916667 0.50111111 0.57083333 0.44916667
 0.62444444 0.61194444 0.615      0.46833333 0.62138889 0.41222222
 0.47416667 0.61111111 0.41111111 0.45111111 0.43055556 0.51583333
 0.57       0.47527778 0.52805556 0.46888889 0.64222222 0.65916667
 0.445      0.59972222 0.4575     0.60944444 0.62722222 0.58361111
 0.44666667 0.47555556 0.41916667 0.46111111 0.41611111 0.52083333
 0.47722222 0.51277778 0.37694444 0.485      0.43055556 0.45305556
 0.55722222 0.65972222 0.47055556 0.54388889 0.49388889 0.52611111
 0.58194444 0.43055556 0.60416667 0.50166667 0.52222222 0.58361111
 0.43638889 0.505      0.63583333 0.40722222 0.53583333 0.64055556
 0.4325     0.45638889 0.49       0.51805556 0.49166667 0.61361111
 0.60388889 0.62777778 0.47444444 0.56861111 0.45666667 0.59888889
 0.48833333 0.58694444 0.46722222 0.61611111]
2020-07-03 11:49:13,497 [INFO] Avg: 0.5176166666666666
2020-07-03 11:49:13,497 [INFO] Std: 0.07460896187026077
2020-07-03 11:49:13,497 [INFO] Max: 0.6597222222222222
2020-07-03 11:49:13,499 [INFO] Eval Accs: [0.5375 0.5925 0.4625 0.645  0.47   0.46   0.4975 0.475  0.4125 0.6025
 0.45   0.62   0.4475 0.34   0.6725 0.5125 0.4775 0.41   0.5775 0.4375
 0.4675 0.4975 0.4825 0.5625 0.5275 0.3825 0.645  0.4725 0.565  0.5
 0.6475 0.65   0.5725 0.46   0.6275 0.4325 0.4625 0.595  0.415  0.4275
 0.375  0.49   0.58   0.4575 0.4975 0.4325 0.635  0.65   0.4075 0.575
 0.435  0.575  0.6875 0.5725 0.44   0.45   0.415  0.4475 0.4375 0.525
 0.47   0.4625 0.3575 0.4225 0.4475 0.4225 0.5375 0.63   0.445  0.545
 0.425  0.515  0.575  0.42   0.5625 0.475  0.52   0.57   0.4025 0.4675
 0.6175 0.4075 0.495  0.64   0.39   0.445  0.4725 0.485  0.5075 0.5475
 0.6225 0.5675 0.465  0.5425 0.4275 0.56   0.4625 0.5825 0.515  0.6275]
2020-07-03 11:49:13,499 [INFO] Avg: 0.5063
2020-07-03 11:49:13,499 [INFO] Std: 0.08086522738482839
2020-07-03 11:49:13,499 [INFO] Max: 0.6875
2020-07-03 11:49:14,616 [INFO] Train on CONNECT via WL.
2020-07-03 11:49:17,987 [INFO] Maximum number of iterations: 100. Refinement steps: 2
2020-07-03 11:49:55,779 [INFO] Train Accs: [0.44444444 0.50777778 0.74666667 0.56333333 0.65518519 0.71925926
 0.5037037  0.66148148 0.65814815 0.67259259 0.61148148 0.56777778
 0.60740741 0.60296296 0.52925926 0.60222222 0.56555556 0.68777778
 0.49814815 0.57740741 0.68925926 0.52222222 0.65962963 0.65148148
 0.50222222 0.62740741 0.75111111 0.42703704 0.61444444 0.55777778
 0.56148148 0.65111111 0.68777778 0.68888889 0.55111111 0.63074074
 0.66037037 0.71074074 0.62814815 0.50481481 0.56444444 0.67666667
 0.63       0.62111111 0.61185185 0.58925926 0.62259259 0.5862963
 0.69185185 0.77148148 0.60111111 0.43444444 0.58703704 0.52444444
 0.5562963  0.52111111 0.73740741 0.66888889 0.68962963 0.49481481
 0.60148148 0.4537037  0.46666667 0.57296296 0.49555556 0.57222222
 0.73074074 0.61259259 0.56037037 0.57185185 0.67148148 0.63444444
 0.59111111 0.54481481 0.72296296 0.56444444 0.52444444 0.54444444
 0.62666667 0.56333333 0.54148148 0.56074074 0.43703704 0.59481481
 0.67333333 0.63444444 0.5237037  0.76666667 0.51888889 0.56814815
 0.48222222 0.53925926 0.68518519 0.50222222 0.71814815 0.55518519
 0.50481481 0.55222222 0.4562963  0.60666667]
2020-07-03 11:49:55,779 [INFO] Avg: 0.5948888888888889
2020-07-03 11:49:55,779 [INFO] Std: 0.08080792311993593
2020-07-03 11:49:55,780 [INFO] Max: 0.7714814814814814
2020-07-03 11:49:55,781 [INFO] Eval Accs: [0.41666667 0.5        0.74333333 0.56333333 0.66       0.68333333
 0.5        0.65333333 0.62666667 0.58       0.57       0.58333333
 0.59666667 0.55666667 0.51666667 0.52666667 0.51333333 0.68
 0.46666667 0.61666667 0.65666667 0.50333333 0.61       0.66
 0.50666667 0.62       0.71666667 0.36333333 0.57666667 0.52
 0.59333333 0.65       0.59       0.67333333 0.51666667 0.56333333
 0.58333333 0.74       0.57666667 0.50333333 0.56666667 0.61333333
 0.57333333 0.58666667 0.56       0.56666667 0.56666667 0.58333333
 0.7        0.73333333 0.57666667 0.49666667 0.56333333 0.52333333
 0.55333333 0.52       0.77666667 0.63666667 0.65333333 0.49
 0.61       0.44       0.44666667 0.58333333 0.44666667 0.54666667
 0.73       0.60666667 0.54333333 0.54333333 0.64       0.6
 0.55       0.52666667 0.66666667 0.53       0.50333333 0.56
 0.60666667 0.6        0.54333333 0.5        0.43       0.62333333
 0.67333333 0.62666667 0.48333333 0.73666667 0.51       0.52666667
 0.46       0.55666667 0.7        0.54333333 0.68333333 0.47333333
 0.49       0.52333333 0.44666667 0.59666667]
2020-07-03 11:49:55,781 [INFO] Avg: 0.5752333333333334
2020-07-03 11:49:55,781 [INFO] Std: 0.08095163851200159
2020-07-03 11:49:55,781 [INFO] Max: 0.7766666666666666
2020-07-03 11:49:55,903 [INFO] Train on TRIANGLES via WL.
2020-07-03 11:49:59,075 [INFO] Maximum number of iterations: 100. Refinement steps: 2
2020-07-03 11:53:39,603 [INFO] Train Accs: [0.68354701 0.65641026 0.66196581 0.64294872 0.65790598 0.66944444
 0.66452991 0.65448718 0.68782051 0.65491453 0.66282051 0.66923077
 0.65299145 0.65534188 0.65641026 0.65897436 0.66602564 0.65790598
 0.6491453  0.64764957 0.67435897 0.66816239 0.66923077 0.6707265
 0.67692308 0.65769231 0.67991453 0.67222222 0.66730769 0.6707265
 0.64615385 0.66047009 0.65619658 0.65747863 0.6707265  0.67371795
 0.6525641  0.65512821 0.65470085 0.67094017 0.66452991 0.66901709
 0.6491453  0.67457265 0.66581197 0.66068376 0.66666667 0.63525641
 0.6784188  0.66260684 0.65769231 0.66089744 0.65363248 0.68141026
 0.67222222 0.67286325 0.6534188  0.65       0.67222222 0.66004274
 0.66602564 0.67628205 0.66901709 0.6284188  0.67051282 0.65405983
 0.67948718 0.66538462 0.65833333 0.66923077 0.67564103 0.67094017
 0.67735043 0.67435897 0.67435897 0.67948718 0.67564103 0.66431624
 0.66794872 0.66773504 0.67222222 0.66901709 0.66388889 0.68269231
 0.65448718 0.6465812  0.65918803 0.67970085 0.68910256 0.66303419
 0.66303419 0.68119658 0.66303419 0.64893162 0.6724359  0.65106838
 0.66837607 0.65769231 0.65448718 0.64529915]
2020-07-03 11:53:39,604 [INFO] Avg: 0.6642692307692307
2020-07-03 11:53:39,604 [INFO] Std: 0.011182772688234019
2020-07-03 11:53:39,604 [INFO] Max: 0.6891025641025641
2020-07-03 11:53:39,605 [INFO] Eval Accs: [0.175      0.15384615 0.175      0.16730769 0.19807692 0.15961538
 0.15961538 0.16346154 0.18269231 0.16730769 0.14807692 0.16730769
 0.19807692 0.17115385 0.17115385 0.17115385 0.16923077 0.17115385
 0.19038462 0.17884615 0.16153846 0.18076923 0.16153846 0.18653846
 0.16923077 0.18653846 0.16346154 0.15769231 0.17115385 0.14807692
 0.19615385 0.15961538 0.18076923 0.20576923 0.15       0.16153846
 0.17307692 0.15384615 0.15961538 0.16730769 0.15192308 0.18269231
 0.18076923 0.18846154 0.15961538 0.19615385 0.18076923 0.18269231
 0.14423077 0.16153846 0.19230769 0.17884615 0.15961538 0.19807692
 0.18269231 0.15769231 0.18461538 0.14038462 0.16730769 0.16538462
 0.15       0.19038462 0.18269231 0.16923077 0.17115385 0.19038462
 0.19423077 0.17884615 0.16153846 0.16923077 0.19423077 0.16153846
 0.17692308 0.16730769 0.15576923 0.15769231 0.18653846 0.17115385
 0.16538462 0.17307692 0.20576923 0.175      0.15769231 0.17115385
 0.2        0.17692308 0.15961538 0.16346154 0.17307692 0.18076923
 0.17692308 0.15       0.19038462 0.15961538 0.15961538 0.15961538
 0.18846154 0.19807692 0.18076923 0.18653846]
2020-07-03 11:53:39,605 [INFO] Avg: 0.17269230769230767
2020-07-03 11:53:39,605 [INFO] Std: 0.01471625113054538
2020-07-03 11:53:39,606 [INFO] Max: 0.20576923076923076


################################
# 10 Refinement Steps
################################

2020-07-03 12:42:00,764 [INFO] Train on CHORDAL1 via WL.
2020-07-03 12:42:04,003 [INFO] Maximum number of iterations: 100. Refinement steps: 10
2020-07-03 12:42:46,403 [INFO] Train Accs: [0.65416667 0.65138889 0.60555556 0.67222222 0.59722222 0.65694444
 0.57222222 0.6625     0.65694444 0.67361111 0.61944444 0.62916667
 0.67916667 0.67361111 0.68611111 0.6125     0.66527778 0.66944444
 0.60972222 0.61666667 0.59166667 0.60416667 0.61111111 0.70138889
 0.65       0.67083333 0.61111111 0.65694444 0.66111111 0.64583333
 0.63888889 0.66111111 0.57638889 0.65416667 0.65555556 0.6625
 0.57916667 0.67361111 0.67638889 0.63194444 0.65138889 0.62916667
 0.59166667 0.625      0.66944444 0.625      0.64861111 0.67083333
 0.56111111 0.66111111 0.67777778 0.65555556 0.69722222 0.67777778
 0.57916667 0.57361111 0.68472222 0.66944444 0.65277778 0.65972222
 0.67777778 0.6625     0.59444444 0.58055556 0.5625     0.69861111
 0.66388889 0.65277778 0.69861111 0.66666667 0.6625     0.66388889
 0.67916667 0.64583333 0.65277778 0.67638889 0.66944444 0.65416667
 0.60277778 0.59722222 0.59861111 0.64444444 0.65277778 0.67361111
 0.69722222 0.64027778 0.61666667 0.66111111 0.61805556 0.625
 0.69027778 0.64166667 0.56527778 0.67083333 0.69722222 0.6625
 0.68611111 0.61388889 0.64027778 0.65      ]
2020-07-03 12:42:46,404 [INFO] Avg: 0.6444722222222222
2020-07-03 12:42:46,404 [INFO] Std: 0.03525643492617629
2020-07-03 12:42:46,404 [INFO] Max: 0.7013888888888888
2020-07-03 12:42:46,406 [INFO] Eval Accs: [0.55   0.4625 0.4625 0.55   0.5375 0.5625 0.45   0.5875 0.5875 0.4625
 0.4875 0.575  0.5    0.5375 0.4125 0.425  0.5    0.625  0.5    0.5125
 0.4625 0.525  0.55   0.425  0.575  0.525  0.575  0.5375 0.5125 0.6
 0.55   0.5375 0.5    0.55   0.55   0.4    0.475  0.5    0.45   0.5875
 0.5    0.5125 0.525  0.4375 0.475  0.575  0.4625 0.5    0.5125 0.5625
 0.4    0.4375 0.4125 0.525  0.4875 0.4625 0.55   0.475  0.5125 0.525
 0.525  0.4375 0.575  0.4625 0.4875 0.5    0.4375 0.45   0.5    0.525
 0.5625 0.45   0.4625 0.5375 0.4375 0.55   0.5625 0.4125 0.4375 0.6
 0.5625 0.525  0.4875 0.425  0.4875 0.4375 0.5375 0.4    0.3875 0.6625
 0.4375 0.5375 0.525  0.475  0.5125 0.5875 0.5375 0.55   0.5    0.5   ]
2020-07-03 12:42:46,406 [INFO] Avg: 0.5051249999999999
2020-07-03 12:42:46,406 [INFO] Std: 0.056238748874774945
2020-07-03 12:42:46,406 [INFO] Max: 0.6625
2020-07-03 12:42:46,509 [INFO] Train on CHORDAL2 via WL.
2020-07-03 12:43:21,350 [INFO] Maximum number of iterations: 100. Refinement steps: 10
2020-07-03 12:53:16,645 [INFO] Train Accs: [0.625      0.44444444 0.45083333 0.55111111 0.63722222 0.60972222
 0.59111111 0.585      0.56777778 0.56944444 0.43166667 0.63333333
 0.55833333 0.63972222 0.60833333 0.50416667 0.66083333 0.47694444
 0.44638889 0.50222222 0.51722222 0.52666667 0.64222222 0.63194444
 0.60611111 0.49444444 0.4425     0.43416667 0.44305556 0.42722222
 0.64111111 0.4075     0.50833333 0.60305556 0.55583333 0.64361111
 0.51861111 0.41805556 0.58361111 0.48305556 0.53388889 0.45222222
 0.61027778 0.35861111 0.61222222 0.605      0.42694444 0.47166667
 0.49194444 0.53722222 0.62583333 0.43694444 0.63583333 0.69194444
 0.55083333 0.42277778 0.62333333 0.58416667 0.59638889 0.51444444
 0.54555556 0.59583333 0.51777778 0.51722222 0.51527778 0.57194444
 0.46361111 0.62194444 0.54055556 0.67694444 0.54611111 0.66416667
 0.44888889 0.42555556 0.62694444 0.5275     0.51833333 0.54222222
 0.61111111 0.61694444 0.56944444 0.54361111 0.47611111 0.55388889
 0.55666667 0.68416667 0.48027778 0.42833333 0.41583333 0.54888889
 0.54972222 0.47111111 0.58166667 0.51555556 0.41861111 0.48694444
 0.52055556 0.42777778 0.49166667 0.6725    ]
2020-07-03 12:53:16,651 [INFO] Avg: 0.5389222222222222
2020-07-03 12:53:16,651 [INFO] Std: 0.0776872218865139
2020-07-03 12:53:16,651 [INFO] Max: 0.6919444444444445
2020-07-03 12:53:16,653 [INFO] Eval Accs: [0.605  0.445  0.3725 0.505  0.64   0.5975 0.535  0.555  0.5525 0.545
 0.42   0.6325 0.515  0.64   0.5675 0.465  0.625  0.4425 0.4275 0.4925
 0.5325 0.4675 0.5925 0.6075 0.5925 0.5025 0.445  0.4075 0.4125 0.4525
 0.615  0.3975 0.425  0.59   0.5025 0.6175 0.495  0.37   0.555  0.4825
 0.52   0.465  0.585  0.33   0.65   0.5625 0.395  0.44   0.415  0.5375
 0.6    0.425  0.6525 0.68   0.4825 0.4025 0.585  0.565  0.6075 0.545
 0.5475 0.65   0.5075 0.4925 0.5325 0.6025 0.4425 0.6125 0.515  0.6275
 0.5475 0.5675 0.4175 0.4275 0.62   0.4825 0.5575 0.5525 0.6    0.58
 0.5375 0.49   0.445  0.54   0.5225 0.66   0.44   0.4275 0.36   0.5125
 0.485  0.4175 0.57   0.515  0.39   0.5175 0.535  0.375  0.4475 0.62  ]
2020-07-03 12:53:16,653 [INFO] Avg: 0.517775
2020-07-03 12:53:16,653 [INFO] Std: 0.0819976333499937
2020-07-03 12:53:16,653 [INFO] Max: 0.68
2020-07-03 12:53:18,028 [INFO] Train on CONNECT via WL.
2020-07-03 12:53:21,464 [INFO] Maximum number of iterations: 100. Refinement steps: 10
2020-07-03 12:55:54,750 [INFO] Train Accs: [0.98518519 0.98407407 0.99777778 0.99777778 0.99888889 0.98962963
 0.98111111 0.9962963  0.99888889 0.96481481 0.9662963  0.98740741
 0.99962963 0.99259259 0.96185185 0.98851852 0.99222222 0.98481481
 0.97222222 0.99037037 0.99074074 0.99777778 0.99666667 0.99074074
 0.99333333 0.99962963 0.98037037 0.99703704 0.97703704 0.98777778
 0.98740741 0.99962963 0.99       0.99407407 0.9937037  0.9962963
 0.98851852 0.96333333 0.99888889 0.99666667 0.9962963  0.99851852
 0.99074074 0.99592593 0.99888889 0.99777778 0.97296296 0.99888889
 0.99481481 0.99740741 0.97814815 0.99111111 0.96185185 0.99814815
 0.99666667 0.9837037  0.99592593 0.98925926 0.99481481 0.99962963
 0.98444444 0.99777778 0.97185185 0.99740741 0.98185185 0.99555556
 0.98111111 0.99555556 0.98888889 0.99814815 0.98407407 0.99259259
 0.99555556 0.99925926 0.99666667 0.99296296 0.99259259 0.97814815
 0.99333333 0.99851852 0.97296296 0.98111111 0.99740741 0.99888889
 0.99333333 0.99740741 0.99925926 1.         0.97592593 0.9937037
 0.97740741 0.98703704 0.97888889 0.99925926 0.98666667 0.9962963
 1.         1.         0.99814815 0.99666667]
2020-07-03 12:55:54,751 [INFO] Avg: 0.9902814814814814
2020-07-03 12:55:54,751 [INFO] Std: 0.009639897659526551
2020-07-03 12:55:54,751 [INFO] Max: 1.0
2020-07-03 12:55:54,752 [INFO] Eval Accs: [0.93       0.93666667 0.95333333 0.96333333 0.93       0.93
 0.92       0.95666667 0.94       0.94666667 0.93666667 0.92666667
 0.94333333 0.95333333 0.89       0.94666667 0.93666667 0.92333333
 0.93333333 0.95       0.93666667 0.97       0.93666667 0.95666667
 0.94       0.96       0.89666667 0.94666667 0.93333333 0.93333333
 0.91333333 0.94666667 0.93333333 0.95333333 0.95666667 0.94666667
 0.95333333 0.90333333 0.92333333 0.95333333 0.94333333 0.94666667
 0.96       0.95       0.95333333 0.93666667 0.92       0.95
 0.95666667 0.94       0.91666667 0.94333333 0.88       0.95
 0.93666667 0.95666667 0.95333333 0.93333333 0.94333333 0.95666667
 0.93333333 0.93333333 0.94       0.93       0.91333333 0.96
 0.93333333 0.94333333 0.94666667 0.95666667 0.92666667 0.93
 0.95666667 0.93333333 0.96       0.94666667 0.94333333 0.91333333
 0.96       0.93666667 0.94333333 0.91       0.94       0.96333333
 0.92666667 0.96333333 0.97333333 0.94666667 0.92666667 0.92666667
 0.94666667 0.95666667 0.93333333 0.95       0.93333333 0.93666667
 0.94       0.95333333 0.95333333 0.94333333]
2020-07-03 12:55:54,752 [INFO] Avg: 0.9403
2020-07-03 12:55:54,753 [INFO] Std: 0.01643231910325232
2020-07-03 12:55:54,753 [INFO] Max: 0.9733333333333334
2020-07-03 12:55:54,876 [INFO] Train on TRIANGLES via WL.
2020-07-03 12:55:57,887 [INFO] Maximum number of iterations: 100. Refinement steps: 10
2020-07-03 13:06:31,602 [INFO] Train Accs: [0.84081197 0.84252137 0.82863248 0.82905983 0.83397436 0.84059829
 0.82307692 0.81709402 0.84380342 0.85213675 0.8457265  0.8474359
 0.84957265 0.83803419 0.83931624 0.81602564 0.85192308 0.83739316
 0.83803419 0.84252137 0.83675214 0.83632479 0.85064103 0.85128205
 0.84294872 0.82863248 0.83632479 0.81837607 0.8267094  0.83824786
 0.82777778 0.84487179 0.8267094  0.84337607 0.84722222 0.83418803
 0.82115385 0.83568376 0.84594017 0.82905983 0.83675214 0.83952991
 0.84102564 0.82777778 0.8267094  0.83653846 0.82820513 0.80683761
 0.84722222 0.83931624 0.84059829 0.83418803 0.8267094  0.82713675
 0.81239316 0.84252137 0.83504274 0.83589744 0.83141026 0.8241453
 0.83867521 0.85811966 0.83098291 0.81880342 0.83076923 0.83076923
 0.83226496 0.81987179 0.83397436 0.83311966 0.82222222 0.84166667
 0.85042735 0.81987179 0.84017094 0.8267094  0.83739316 0.83290598
 0.83611111 0.84166667 0.83717949 0.84081197 0.82264957 0.82970085
 0.84893162 0.84294872 0.82115385 0.82649573 0.84230769 0.85384615
 0.84893162 0.84166667 0.83931624 0.84145299 0.81495726 0.82884615
 0.85619658 0.84145299 0.84017094 0.83525641]
2020-07-03 13:06:31,603 [INFO] Avg: 0.8355064102564103
2020-07-03 13:06:31,603 [INFO] Std: 0.010189465236427695
2020-07-03 13:06:31,603 [INFO] Max: 0.8581196581196581
2020-07-03 13:06:31,604 [INFO] Eval Accs: [0.16923077 0.16153846 0.175      0.18653846 0.19423077 0.18846154
 0.20384615 0.18269231 0.17884615 0.18461538 0.19807692 0.19230769
 0.19038462 0.17692308 0.19423077 0.17692308 0.20384615 0.18076923
 0.18653846 0.17307692 0.19423077 0.18653846 0.2        0.19615385
 0.16923077 0.18653846 0.20769231 0.19038462 0.19807692 0.18846154
 0.19038462 0.175      0.17884615 0.18846154 0.18076923 0.18653846
 0.19038462 0.17307692 0.18269231 0.18076923 0.18461538 0.17884615
 0.17692308 0.17307692 0.20961538 0.17884615 0.18076923 0.19615385
 0.21153846 0.18653846 0.17307692 0.15576923 0.18076923 0.19807692
 0.20769231 0.19038462 0.175      0.2        0.22307692 0.18076923
 0.21538462 0.17884615 0.20192308 0.16538462 0.19230769 0.19230769
 0.16538462 0.17692308 0.19038462 0.15384615 0.19807692 0.21730769
 0.2        0.15384615 0.18461538 0.19230769 0.18076923 0.17884615
 0.20576923 0.21346154 0.17692308 0.15192308 0.19038462 0.18846154
 0.19615385 0.19615385 0.16923077 0.19423077 0.19423077 0.19423077
 0.175      0.19230769 0.19230769 0.18653846 0.17307692 0.15384615
 0.21923077 0.20192308 0.20576923 0.16538462]
2020-07-03 13:06:31,604 [INFO] Avg: 0.18678846153846154
2020-07-03 13:06:31,605 [INFO] Std: 0.014707842673032458
2020-07-03 13:06:31,605 [INFO] Max: 0.2230769230769231