2020-07-03 15:30:37,583 [INFO] Train on CHORDAL1 via DK.
2020-07-03 15:48:40,196 [INFO] Train Accs: [0.66805556 0.67638889 0.64722222 0.65       0.66666667 0.65972222
 0.66805556 0.66666667 0.65277778 0.66805556 0.65277778 0.64722222
 0.65972222 0.67638889 0.63611111 0.67083333 0.65694444 0.63611111
 0.66944444 0.65555556 0.67777778 0.63888889 0.64583333 0.66527778
 0.65833333 0.67777778 0.65416667 0.65972222 0.67083333 0.66388889
 0.66805556 0.66944444 0.64583333 0.65416667 0.65138889 0.65416667
 0.65833333 0.64722222 0.65694444 0.65833333 0.65833333 0.66111111
 0.65416667 0.65555556 0.65972222 0.66388889 0.66666667 0.65972222
 0.64861111 0.66388889 0.65972222 0.64166667 0.66388889 0.66388889
 0.65555556 0.65       0.65277778 0.6625     0.6625     0.66388889
 0.6375     0.66111111 0.65416667 0.67638889 0.66527778 0.6375
 0.65416667 0.66111111 0.64861111 0.67777778 0.65833333 0.63472222
 0.66805556 0.63611111 0.67222222 0.65972222 0.64722222 0.65694444
 0.66805556 0.65833333 0.65277778 0.6625     0.64861111 0.67083333
 0.65972222 0.66805556 0.64861111 0.65416667 0.66388889 0.66666667
 0.64027778 0.69444444 0.66944444 0.65972222 0.64861111 0.66111111
 0.63611111 0.65694444 0.65972222 0.64027778]
2020-07-03 15:48:40,206 [INFO] Avg: 0.6582500000000002
2020-07-03 15:48:40,206 [INFO] Std: 0.01106905234214232
2020-07-03 15:48:40,206 [INFO] Max: 0.6944444444444444
2020-07-03 15:48:40,208 [INFO] Eval Accs: [0.4375 0.5    0.5    0.525  0.45   0.525  0.4375 0.425  0.6    0.475
 0.5125 0.5375 0.525  0.4875 0.575  0.3625 0.475  0.6375 0.55   0.5375
 0.4875 0.6125 0.6375 0.45   0.5375 0.4125 0.5125 0.55   0.5    0.425
 0.4625 0.4875 0.5125 0.5375 0.5125 0.5875 0.4    0.4375 0.5125 0.5375
 0.55   0.525  0.5625 0.5125 0.5125 0.5125 0.525  0.4875 0.5    0.525
 0.4875 0.575  0.4625 0.6    0.475  0.5125 0.5625 0.4875 0.5    0.525
 0.55   0.425  0.4125 0.4125 0.5875 0.5875 0.5375 0.475  0.5    0.5
 0.5625 0.5    0.5125 0.5875 0.475  0.475  0.5375 0.525  0.425  0.4875
 0.4    0.3875 0.5625 0.4375 0.4875 0.3875 0.4875 0.5625 0.4875 0.4625
 0.575  0.4125 0.5125 0.5375 0.55   0.5375 0.5125 0.5    0.5125 0.575 ]
2020-07-03 15:48:40,209 [INFO] Avg: 0.5055000000000001
2020-07-03 15:48:40,209 [INFO] Std: 0.05654975685182033
2020-07-03 15:48:40,209 [INFO] Max: 0.6375
2020-07-03 15:48:40,306 [INFO] Train on CHORDAL2 via DK.
2020-07-03 16:15:28,876 [INFO] Train Accs: [0.91416667 0.915      0.91222222 0.90472222 0.91555556 0.91138889
 0.91388889 0.91611111 0.91361111 0.90138889 0.91611111 0.90972222
 0.91722222 0.91       0.91305556 0.9125     0.9125     0.91722222
 0.9125     0.90611111 0.90972222 0.91194444 0.91416667 0.91444444
 0.91638889 0.91583333 0.91694444 0.91527778 0.91194444 0.91361111
 0.91388889 0.91166667 0.90861111 0.91194444 0.91527778 0.91
 0.91305556 0.91277778 0.89888889 0.91583333 0.91138889 0.90194444
 0.91388889 0.91       0.87777778 0.91527778 0.91583333 0.88138889
 0.91777778 0.91388889 0.91111111 0.90944444 0.91444444 0.91194444
 0.91777778 0.89611111 0.9125     0.91472222 0.91277778 0.90722222
 0.89888889 0.91416667 0.91111111 0.89777778 0.91138889 0.91444444
 0.91166667 0.91638889 0.87777778 0.91722222 0.91277778 0.91111111
 0.91333333 0.90361111 0.91666667 0.90805556 0.91333333 0.91361111
 0.91722222 0.915      0.91055556 0.91222222 0.91527778 0.91138889
 0.91638889 0.91222222 0.91361111 0.90777778 0.91583333 0.9125
 0.90694444 0.91361111 0.91166667 0.91416667 0.91611111 0.91138889
 0.91305556 0.91611111 0.89194444 0.91      ]
2020-07-03 16:15:28,905 [INFO] Avg: 0.9109277777777778
2020-07-03 16:15:28,906 [INFO] Std: 0.007369567469760902
2020-07-03 16:15:28,906 [INFO] Max: 0.9177777777777778
2020-07-03 16:15:28,908 [INFO] Eval Accs: [0.92   0.9025 0.9    0.9    0.9225 0.925  0.89   0.9075 0.905  0.9275
 0.915  0.9325 0.89   0.915  0.88   0.925  0.915  0.885  0.9125 0.8975
 0.9325 0.9075 0.8775 0.9175 0.9075 0.9225 0.91   0.905  0.9025 0.9025
 0.8875 0.9275 0.93   0.91   0.8825 0.9    0.8925 0.9175 0.91   0.92
 0.925  0.9125 0.9    0.925  0.8925 0.9    0.9275 0.8625 0.9125 0.875
 0.9075 0.905  0.905  0.925  0.8925 0.8675 0.915  0.8975 0.9025 0.9225
 0.9025 0.9    0.9    0.9175 0.9125 0.8725 0.9125 0.925  0.885  0.915
 0.9175 0.9025 0.9125 0.8975 0.8725 0.91   0.91   0.91   0.92   0.9225
 0.9125 0.905  0.8775 0.9225 0.895  0.9125 0.9025 0.9375 0.905  0.9025
 0.905  0.905  0.905  0.9225 0.9    0.93   0.895  0.8925 0.9025 0.9175]
2020-07-03 16:15:28,908 [INFO] Avg: 0.906675
2020-07-03 16:15:28,908 [INFO] Std: 0.015346233251192299
2020-07-03 16:15:28,909 [INFO] Max: 0.9375
2020-07-03 16:15:30,671 [INFO] Train on CONNECT via DK.
2020-07-03 16:16:45,714 [INFO] Train Accs: [0.44740741 0.43666667 0.43666667 0.44222222 0.44333333 0.44148148
 0.45111111 0.45777778 0.43740741 0.43814815 0.43888889 0.43888889
 0.4437037  0.44444444 0.43814815 0.44148148 0.44925926 0.43333333
 0.44666667 0.44962963 0.43444444 0.45222222 0.43851852 0.44407407
 0.44148148 0.44592593 0.44518519 0.43851852 0.45       0.4362963
 0.44444444 0.45296296 0.44518519 0.44       0.44037037 0.43592593
 0.43666667 0.43592593 0.43888889 0.44925926 0.45074074 0.44703704
 0.44296296 0.43703704 0.44074074 0.44037037 0.44666667 0.44481481
 0.44814815 0.44111111 0.44259259 0.44777778 0.44       0.45037037
 0.43703704 0.44111111 0.44111111 0.44185185 0.44037037 0.44925926
 0.43259259 0.43962963 0.43962963 0.45037037 0.43259259 0.44259259
 0.44703704 0.45037037 0.43925926 0.45       0.44333333 0.44777778
 0.43851852 0.44074074 0.44259259 0.43925926 0.43666667 0.44555556
 0.44703704 0.44074074 0.4462963  0.44111111 0.44592593 0.4362963
 0.45222222 0.4462963  0.45037037 0.43888889 0.44962963 0.43111111
 0.42888889 0.43740741 0.44592593 0.44259259 0.44148148 0.45
 0.44333333 0.45037037 0.44555556 0.44111111]
2020-07-03 16:16:45,714 [INFO] Avg: 0.44285185185185194
2020-07-03 16:16:45,715 [INFO] Std: 0.00547659942751317
2020-07-03 16:16:45,715 [INFO] Max: 0.4577777777777778
2020-07-03 16:16:45,716 [INFO] Eval Accs: [0.31       0.31666667 0.27666667 0.39       0.3        0.32
 0.27666667 0.27       0.29333333 0.31       0.35333333 0.30666667
 0.27666667 0.29666667 0.32333333 0.31       0.32       0.30333333
 0.3        0.27       0.27       0.25       0.36666667 0.31333333
 0.29333333 0.34333333 0.25333333 0.31       0.29333333 0.29666667
 0.28333333 0.24333333 0.29666667 0.32333333 0.30333333 0.29666667
 0.32666667 0.35       0.29666667 0.30333333 0.27666667 0.31333333
 0.32666667 0.30666667 0.29       0.28666667 0.3        0.29
 0.29333333 0.35666667 0.28333333 0.28       0.31333333 0.31
 0.31333333 0.30666667 0.28333333 0.31333333 0.32       0.28
 0.33       0.29       0.33       0.27       0.30666667 0.29666667
 0.32333333 0.24666667 0.33333333 0.31       0.26333333 0.30666667
 0.30333333 0.3        0.3        0.34333333 0.3        0.30666667
 0.31333333 0.28666667 0.3        0.32333333 0.29666667 0.31333333
 0.32       0.31333333 0.30333333 0.29       0.28666667 0.27666667
 0.34666667 0.31666667 0.30666667 0.30666667 0.28666667 0.3
 0.3        0.28666667 0.31333333 0.33333333]
2020-07-03 16:16:45,716 [INFO] Avg: 0.3036
2020-07-03 16:16:45,716 [INFO] Std: 0.024434401977539776
2020-07-03 16:16:45,716 [INFO] Max: 0.39
2020-07-03 16:16:45,810 [INFO] Train on TRIANGLES via DK.
2020-07-03 16:32:44,963 [INFO] Train Accs: [0.27692308 0.2715812  0.27606838 0.27094017 0.2724359  0.27542735
 0.27478632 0.27649573 0.27713675 0.28119658 0.27884615 0.27692308
 0.27521368 0.27264957 0.27649573 0.28333333 0.2715812  0.27628205
 0.27948718 0.2715812  0.27606838 0.27542735 0.28119658 0.27564103
 0.27393162 0.2732906  0.27628205 0.275      0.27222222 0.27307692
 0.26923077 0.27521368 0.2758547  0.27863248 0.28311966 0.28098291
 0.28226496 0.2784188  0.27628205 0.26688034 0.27884615 0.26816239
 0.2784188  0.27970085 0.28119658 0.2758547  0.28205128 0.27478632
 0.28183761 0.2767094  0.26794872 0.27606838 0.27435897 0.27115385
 0.28055556 0.27628205 0.26987179 0.27542735 0.28162393 0.27649573
 0.28055556 0.27435897 0.2758547  0.27371795 0.27628205 0.27264957
 0.2715812  0.27777778 0.2767094  0.2792735  0.27264957 0.27521368
 0.2792735  0.27799145 0.27692308 0.27094017 0.27200855 0.27735043
 0.27008547 0.27820513 0.27457265 0.2724359  0.27735043 0.27542735
 0.26837607 0.27948718 0.27991453 0.26773504 0.2741453  0.2758547
 0.27777778 0.27799145 0.27136752 0.27307692 0.27735043 0.27799145
 0.27735043 0.27970085 0.2741453  0.27307692]
2020-07-03 16:32:44,964 [INFO] Avg: 0.2757628205128205
2020-07-03 16:32:44,964 [INFO] Std: 0.0036459347298132
2020-07-03 16:32:44,964 [INFO] Max: 0.2833333333333333
2020-07-03 16:32:44,966 [INFO] Eval Accs: [0.15       0.21153846 0.18269231 0.16346154 0.19423077 0.15
 0.19423077 0.18076923 0.16923077 0.18269231 0.175      0.175
 0.17884615 0.175      0.15384615 0.15769231 0.15961538 0.18076923
 0.175      0.19423077 0.16923077 0.2        0.16153846 0.17692308
 0.16730769 0.16153846 0.17692308 0.19615385 0.18846154 0.18653846
 0.18269231 0.18846154 0.18076923 0.18269231 0.15576923 0.16153846
 0.17115385 0.17884615 0.15961538 0.20192308 0.18269231 0.18653846
 0.20576923 0.19230769 0.15769231 0.15769231 0.15192308 0.16730769
 0.17884615 0.17692308 0.20961538 0.18461538 0.19230769 0.17307692
 0.16346154 0.14615385 0.16923077 0.16923077 0.16538462 0.16346154
 0.19423077 0.18461538 0.16923077 0.17884615 0.17307692 0.19230769
 0.17884615 0.15       0.19423077 0.175      0.19038462 0.21923077
 0.15       0.17692308 0.17884615 0.16730769 0.18846154 0.16730769
 0.19423077 0.17115385 0.19038462 0.17115385 0.17692308 0.18653846
 0.2        0.19038462 0.15576923 0.18076923 0.18076923 0.16730769
 0.175      0.175      0.19615385 0.18461538 0.17884615 0.18846154
 0.16538462 0.14230769 0.17307692 0.19230769]
2020-07-03 16:32:44,966 [INFO] Avg: 0.17711538461538465
2020-07-03 16:32:44,966 [INFO] Std: 0.015202041672285905
2020-07-03 16:32:44,966 [INFO] Max: 0.21923076923076923
