2020-07-03 13:57:24,598 [INFO] Train on CHORDAL1 via DK.
2020-07-03 13:57:36,540 [INFO] Train Accs: [0.5125     0.50416667 0.54305556 0.52222222 0.525      0.5125
 0.52638889 0.49166667 0.52777778 0.51805556 0.56944444 0.5
 0.52638889 0.50416667 0.51944444 0.5125     0.50972222 0.51805556
 0.49861111 0.48888889 0.525      0.52083333 0.52638889 0.51527778
 0.50555556 0.4875     0.50833333 0.50138889 0.49583333 0.52916667
 0.50416667 0.49583333 0.50416667 0.50833333 0.54027778 0.49305556
 0.49583333 0.49722222 0.51944444 0.53055556 0.50972222 0.51388889
 0.51944444 0.5375     0.49444444 0.53194444 0.53333333 0.48194444
 0.525      0.56527778 0.50833333 0.49444444 0.50555556 0.51527778
 0.49305556 0.49027778 0.50555556 0.52083333 0.51388889 0.52777778
 0.5125     0.51666667 0.50138889 0.50555556 0.48055556 0.49722222
 0.50694444 0.49305556 0.54861111 0.51666667 0.54305556 0.50138889
 0.50972222 0.51666667 0.5125     0.51111111 0.5        0.53194444
 0.51111111 0.51388889 0.49305556 0.4875     0.50833333 0.49027778
 0.53611111 0.54444444 0.54027778 0.52222222 0.51111111 0.50138889
 0.53611111 0.48472222 0.525      0.51666667 0.51944444 0.51388889
 0.5        0.52777778 0.50694444 0.49583333]
2020-07-03 13:57:36,540 [INFO] Avg: 0.5131388888888888
2020-07-03 13:57:36,540 [INFO] Std: 0.017122718826167765
2020-07-03 13:57:36,540 [INFO] Max: 0.5694444444444444
2020-07-03 13:57:36,541 [INFO] Eval Accs: [0.525  0.4375 0.5375 0.55   0.4125 0.5125 0.425  0.6125 0.5875 0.475
 0.5125 0.475  0.4875 0.475  0.525  0.4625 0.5375 0.55   0.4625 0.5125
 0.4875 0.6125 0.6125 0.5625 0.525  0.5625 0.5875 0.4875 0.4125 0.4125
 0.4875 0.55   0.5625 0.5625 0.475  0.4875 0.55   0.4375 0.5875 0.4625
 0.45   0.4875 0.425  0.575  0.5625 0.5    0.525  0.3875 0.45   0.575
 0.5375 0.4125 0.4625 0.5875 0.575  0.45   0.6    0.475  0.475  0.475
 0.4375 0.5    0.5125 0.5    0.55   0.3875 0.4875 0.525  0.5625 0.475
 0.45   0.6125 0.5    0.55   0.45   0.5125 0.4875 0.475  0.4625 0.5625
 0.5625 0.4625 0.525  0.475  0.5125 0.55   0.5    0.5625 0.5625 0.45
 0.425  0.5375 0.5375 0.5875 0.5625 0.55   0.4875 0.5125 0.425  0.575 ]
2020-07-03 13:57:36,542 [INFO] Avg: 0.5085
2020-07-03 13:57:36,542 [INFO] Std: 0.055702333882881434
2020-07-03 13:57:36,542 [INFO] Max: 0.6125
2020-07-03 13:57:36,642 [INFO] Train on CHORDAL2 via DK.
2020-07-03 13:58:52,874 [INFO] Train Accs: [0.53944444 0.82       0.61916667 0.76861111 0.53638889 0.63555556
 0.56194444 0.69611111 0.75138889 0.66611111 0.74972222 0.81916667
 0.54027778 0.47638889 0.65027778 0.47638889 0.72722222 0.60583333
 0.61916667 0.47277778 0.8075     0.63555556 0.79694444 0.79972222
 0.82027778 0.53833333 0.72805556 0.85972222 0.62416667 0.57222222
 0.745      0.60083333 0.63833333 0.86722222 0.82722222 0.67166667
 0.48555556 0.8425     0.54055556 0.60333333 0.78305556 0.66444444
 0.75916667 0.83805556 0.79972222 0.65805556 0.65222222 0.4775
 0.60833333 0.43305556 0.66444444 0.66166667 0.60111111 0.60666667
 0.83388889 0.53333333 0.50666667 0.62194444 0.48722222 0.48916667
 0.61222222 0.77833333 0.49972222 0.44583333 0.61444444 0.69472222
 0.48722222 0.60861111 0.85805556 0.61111111 0.47388889 0.48583333
 0.66055556 0.46277778 0.69444444 0.66055556 0.57055556 0.70138889
 0.42472222 0.84166667 0.67861111 0.77694444 0.52666667 0.67083333
 0.61       0.84388889 0.45888889 0.6075     0.6925     0.76361111
 0.55944444 0.84972222 0.46694444 0.71194444 0.61388889 0.46083333
 0.67       0.86777778 0.66666667 0.55361111]
2020-07-03 13:58:52,875 [INFO] Avg: 0.6465333333333334
2020-07-03 13:58:52,876 [INFO] Std: 0.12339392580644286
2020-07-03 13:58:52,876 [INFO] Max: 0.8677777777777778
2020-07-03 13:58:52,877 [INFO] Eval Accs: [0.55   0.805  0.6325 0.7675 0.5325 0.66   0.575  0.715  0.7325 0.6625
 0.725  0.845  0.5775 0.4775 0.6425 0.445  0.7075 0.615  0.665  0.47
 0.82   0.6225 0.7875 0.8225 0.83   0.56   0.715  0.855  0.6525 0.555
 0.705  0.6075 0.71   0.835  0.82   0.6375 0.425  0.8775 0.565  0.635
 0.78   0.6475 0.77   0.83   0.8225 0.6975 0.63   0.5125 0.58   0.415
 0.6825 0.6575 0.6125 0.6125 0.825  0.555  0.49   0.61   0.4825 0.505
 0.6275 0.75   0.47   0.4075 0.6175 0.7025 0.5225 0.5725 0.83   0.645
 0.475  0.5325 0.66   0.4625 0.6675 0.6425 0.555  0.675  0.4525 0.845
 0.6725 0.8275 0.555  0.655  0.615  0.8675 0.4525 0.5825 0.6375 0.755
 0.6125 0.825  0.4425 0.72   0.615  0.4575 0.6075 0.85   0.6625 0.5125]
2020-07-03 13:58:52,877 [INFO] Avg: 0.64595
2020-07-03 13:58:52,877 [INFO] Std: 0.12394292033028753
2020-07-03 13:58:52,877 [INFO] Max: 0.8775
2020-07-03 13:58:54,036 [INFO] Train on CONNECT via DK.
2020-07-03 13:59:49,816 [INFO] Train Accs: [0.4462963  0.43592593 0.4462963  0.45148148 0.44185185 0.42925926
 0.44444444 0.44925926 0.44296296 0.43925926 0.44666667 0.44185185
 0.43592593 0.44703704 0.44185185 0.43888889 0.4462963  0.44740741
 0.4462963  0.4362963  0.44296296 0.43666667 0.44111111 0.44777778
 0.43555556 0.44407407 0.44555556 0.44333333 0.45037037 0.4437037
 0.44037037 0.43666667 0.44777778 0.44185185 0.44777778 0.44481481
 0.43777778 0.44814815 0.44148148 0.4462963  0.4437037  0.44814815
 0.43962963 0.4337037  0.44592593 0.44111111 0.44851852 0.44481481
 0.44444444 0.44592593 0.45222222 0.44074074 0.44185185 0.44222222
 0.44814815 0.44740741 0.44074074 0.44962963 0.43518519 0.44
 0.44518519 0.44592593 0.44407407 0.43703704 0.44185185 0.44259259
 0.45518519 0.43592593 0.43777778 0.44296296 0.44185185 0.44074074
 0.44925926 0.45       0.44481481 0.44666667 0.44814815 0.44407407
 0.43518519 0.44222222 0.44851852 0.43703704 0.44962963 0.42481481
 0.44333333 0.45185185 0.4337037  0.44444444 0.44296296 0.44148148
 0.43592593 0.44111111 0.44037037 0.43037037 0.43962963 0.44037037
 0.43777778 0.4462963  0.43703704 0.4437037 ]
2020-07-03 13:59:49,817 [INFO] Avg: 0.44275555555555557
2020-07-03 13:59:49,817 [INFO] Std: 0.005249944803420079
2020-07-03 13:59:49,817 [INFO] Max: 0.4551851851851852
2020-07-03 13:59:49,819 [INFO] Eval Accs: [0.29666667 0.29666667 0.29666667 0.31       0.34666667 0.30333333
 0.29       0.28666667 0.28       0.33333333 0.32666667 0.31666667
 0.31666667 0.26       0.30333333 0.32333333 0.29333333 0.33
 0.34       0.27666667 0.32       0.27333333 0.33333333 0.27666667
 0.35       0.29333333 0.25       0.29333333 0.29333333 0.32666667
 0.28333333 0.33       0.25333333 0.27666667 0.35333333 0.26333333
 0.32333333 0.29666667 0.31333333 0.25666667 0.30666667 0.26666667
 0.32666667 0.34       0.32       0.33333333 0.28333333 0.33333333
 0.25333333 0.27       0.32333333 0.30666667 0.31333333 0.34
 0.25666667 0.29666667 0.26       0.26       0.30666667 0.36666667
 0.34666667 0.30333333 0.31       0.29666667 0.33333333 0.30666667
 0.31       0.27666667 0.31       0.29666667 0.27666667 0.29333333
 0.32666667 0.28       0.29666667 0.26       0.29333333 0.3
 0.38333333 0.29       0.25666667 0.31       0.30333333 0.37
 0.28666667 0.25       0.34333333 0.31       0.27666667 0.28333333
 0.29       0.3        0.31333333 0.28       0.28666667 0.30666667
 0.32       0.30666667 0.27666667 0.34      ]
2020-07-03 13:59:49,819 [INFO] Avg: 0.3025
2020-07-03 13:59:49,819 [INFO] Std: 0.028489276735096113
2020-07-03 13:59:49,819 [INFO] Max: 0.38333333333333336
2020-07-03 13:59:49,929 [INFO] Train on TRIANGLES via DK.
2020-07-03 14:06:26,628 [INFO] Train Accs: [0.27863248 0.27820513 0.27350427 0.27371795 0.2732906  0.27264957
 0.275      0.2758547  0.27713675 0.27799145 0.28076923 0.26837607
 0.27371795 0.2758547  0.27564103 0.28076923 0.27777778 0.27371795
 0.27649573 0.27606838 0.27307692 0.27029915 0.27286325 0.27094017
 0.27628205 0.27457265 0.27435897 0.2732906  0.2792735  0.2715812
 0.27649573 0.27884615 0.2775641  0.2741453  0.26858974 0.26880342
 0.27371795 0.2732906  0.27457265 0.27435897 0.27393162 0.27286325
 0.28504274 0.28141026 0.2707265  0.27051282 0.27884615 0.27136752
 0.2715812  0.27435897 0.27008547 0.27649573 0.2767094  0.27478632
 0.28397436 0.2775641  0.26688034 0.2715812  0.2715812  0.27713675
 0.27628205 0.27713675 0.28034188 0.2758547  0.26666667 0.27478632
 0.27200855 0.27884615 0.27863248 0.27735043 0.2741453  0.27863248
 0.27051282 0.27606838 0.28183761 0.27991453 0.27393162 0.27820513
 0.27820513 0.26346154 0.27094017 0.27478632 0.27115385 0.27884615
 0.28269231 0.2724359  0.26816239 0.26837607 0.27820513 0.27948718
 0.27222222 0.27606838 0.28119658 0.27542735 0.27606838 0.27435897
 0.2792735  0.2758547  0.28055556 0.27884615]
2020-07-03 14:06:26,632 [INFO] Avg: 0.27517307692307685
2020-07-03 14:06:26,633 [INFO] Std: 0.003943763194589522
2020-07-03 14:06:26,633 [INFO] Max: 0.28504273504273503
2020-07-03 14:06:26,635 [INFO] Eval Accs: [0.17115385 0.15769231 0.18653846 0.17692308 0.15769231 0.20576923
 0.19038462 0.17307692 0.175      0.18269231 0.14038462 0.17692308
 0.20192308 0.18461538 0.18653846 0.17115385 0.20384615 0.17115385
 0.14807692 0.17115385 0.17115385 0.15769231 0.18269231 0.19423077
 0.20769231 0.15384615 0.17307692 0.19038462 0.16730769 0.19423077
 0.16923077 0.16346154 0.15       0.16346154 0.18076923 0.17692308
 0.2        0.14423077 0.2        0.15961538 0.19423077 0.15384615
 0.14615385 0.14807692 0.16923077 0.20961538 0.16153846 0.18653846
 0.19038462 0.15192308 0.20384615 0.19423077 0.19423077 0.15
 0.17307692 0.14615385 0.17692308 0.17307692 0.16538462 0.17307692
 0.17307692 0.17692308 0.19038462 0.14423077 0.17115385 0.15576923
 0.16730769 0.18653846 0.15961538 0.19423077 0.17307692 0.18461538
 0.20769231 0.17115385 0.16346154 0.15384615 0.16730769 0.16153846
 0.18076923 0.18461538 0.17884615 0.17115385 0.19230769 0.15769231
 0.16346154 0.2        0.17115385 0.19615385 0.15384615 0.17692308
 0.18653846 0.16346154 0.14807692 0.18461538 0.18076923 0.17692308
 0.16730769 0.17884615 0.15769231 0.15769231]
2020-07-03 14:06:26,635 [INFO] Avg: 0.17425000000000002
2020-07-03 14:06:26,635 [INFO] Std: 0.016863739942612702
2020-07-03 14:06:26,636 [INFO] Max: 0.20961538461538462