graphlet:

Training for Dataset dd.
The Test Accuracies per run were: [0.28813559 0.30508475 0.6779661  0.66949153 0.74576271 0.81355932
 0.77966102 0.68644068 0.64957265 0.76923077 0.69491525 0.70338983
 0.72881356 0.22881356 0.69491525 0.73728814 0.6779661  0.69491525
 0.75213675 0.76068376 0.71186441 0.19491525 0.72881356 0.72033898
 0.30508475 0.76271186 0.71186441 0.66101695 0.71794872 0.2991453
 0.72033898 0.70338983 0.73728814 0.72881356 0.71186441 0.63559322
 0.30508475 0.79661017 0.7008547  0.67521368 0.72033898 0.68644068
 0.76271186 0.76271186 0.66949153 0.34745763 0.23728814 0.77118644
 0.69230769 0.70940171 0.72033898 0.75423729 0.73728814 0.19491525
 0.75423729 0.6779661  0.25423729 0.74576271 0.65811966 0.69230769
 0.77966102 0.6779661  0.71186441 0.74576271 0.68644068 0.77966102
 0.74576271 0.29661017 0.76923077 0.45299145 0.71186441 0.68644068
 0.66949153 0.66949153 0.73728814 0.34745763 0.66949153 0.71186441
 0.82051282 0.8034188  0.74576271 0.73728814 0.79661017 0.75423729
 0.70338983 0.71186441 0.76271186 0.63559322 0.22222222 0.67521368
 0.21186441 0.77118644 0.16949153 0.76271186 0.76271186 0.66949153
 0.72881356 0.31355932 0.74358974 0.64957265]

Thus the test average accuracy over all runs was 0.6413740402723453

With a standard deviation of  0.1776401573973289
and highest achieved test accuracy of  0.8205128205128205 .

The train Accuracies per run were: [0.25566038 0.28301887 0.72735849 0.68679245 0.73396226 0.6990566
 0.74339623 0.74339623 0.71159284 0.74458058 0.73018868 0.69245283
 0.70283019 0.29716981 0.69716981 0.74811321 0.7009434  0.72264151
 0.73044298 0.74081056 0.63396226 0.26698113 0.73301887 0.69245283
 0.26792453 0.72735849 0.72830189 0.68113208 0.73609802 0.26767201
 0.68207547 0.7245283  0.7254717  0.71698113 0.69622642 0.7254717
 0.26886792 0.73490566 0.75023563 0.73138549 0.66792453 0.71886792
 0.72830189 0.73207547 0.7254717  0.31226415 0.27735849 0.7490566
 0.69462771 0.7464656  0.75566038 0.73396226 0.73867925 0.28490566
 0.70566038 0.73113208 0.26509434 0.75283019 0.72478794 0.71253534
 0.74716981 0.68490566 0.70943396 0.74433962 0.71509434 0.73584906
 0.74433962 0.28301887 0.72196041 0.46277097 0.74339623 0.72735849
 0.75660377 0.72358491 0.72924528 0.37735849 0.74056604 0.74150943
 0.72290292 0.70782281 0.74245283 0.7254717  0.74245283 0.75188679
 0.73301887 0.72641509 0.74811321 0.76132075 0.27803959 0.71347785
 0.27358491 0.74150943 0.28396226 0.73679245 0.73490566 0.72075472
 0.71415094 0.28490566 0.74740811 0.69934025]

Thus the train average accuracy over all runs was 0.647194858890687

With a standard deviation of  0.1680057878843677
and highest achieved train accuracy of  0.7613207547169811 .


Training for Dataset enzymes.
The Test Accuracies per run were: [0.11666667 0.21666667 0.28333333 0.16666667 0.25       0.23333333
 0.26666667 0.38983051 0.28813559 0.16949153 0.28333333 0.21666667
 0.2        0.18333333 0.33333333 0.25       0.25       0.25423729
 0.27118644 0.18644068 0.26666667 0.26666667 0.15       0.23333333
 0.21666667 0.23333333 0.25       0.25423729 0.37288136 0.11864407
 0.26666667 0.26666667 0.23333333 0.21666667 0.21666667 0.25
 0.26666667 0.25423729 0.23728814 0.30508475 0.28333333 0.26666667
 0.23333333 0.28333333 0.28333333 0.25       0.21666667 0.20338983
 0.13559322 0.18644068 0.23333333 0.21666667 0.25       0.2
 0.23333333 0.2        0.13333333 0.22033898 0.15254237 0.22033898
 0.28333333 0.31666667 0.33333333 0.25       0.3        0.25
 0.2        0.22033898 0.20338983 0.18644068 0.16666667 0.16666667
 0.11666667 0.23333333 0.28333333 0.25       0.33333333 0.20338983
 0.23728814 0.25423729 0.21666667 0.21666667 0.33333333 0.16666667
 0.3        0.21666667 0.28333333 0.20338983 0.20338983 0.28813559
 0.23333333 0.28333333 0.18333333 0.33333333 0.25       0.25
 0.21666667 0.22033898 0.15254237 0.28813559]

Thus the test average accuracy over all runs was 0.2371468926553672

With a standard deviation of  0.053419274157772846
and highest achieved test accuracy of  0.3898305084745763 .

The train Accuracies per run were: [0.39851024 0.38919926 0.36499069 0.36126629 0.37430168 0.3538175
 0.36871508 0.37174721 0.37546468 0.34386617 0.3538175  0.38733706
 0.3594041  0.37243948 0.34264432 0.37243948 0.37057728 0.38104089
 0.40334572 0.42007435 0.37243948 0.3538175  0.33891993 0.37988827
 0.36499069 0.36871508 0.3594041  0.31412639 0.39591078 0.4070632
 0.36312849 0.3575419  0.36126629 0.37988827 0.37430168 0.38361266
 0.37057728 0.38475836 0.4070632  0.34758364 0.37988827 0.37988827
 0.39106145 0.35195531 0.36685289 0.34078212 0.39106145 0.34200743
 0.4070632  0.37546468 0.33519553 0.37988827 0.38547486 0.39106145
 0.38361266 0.36871508 0.33519553 0.35873606 0.37360595 0.36245353
 0.37057728 0.36685289 0.36312849 0.36685289 0.39664804 0.38733706
 0.3556797  0.38104089 0.34944238 0.37360595 0.40037244 0.34450652
 0.33147114 0.36499069 0.37430168 0.36685289 0.38733706 0.37546468
 0.35315985 0.34758364 0.38547486 0.38175047 0.37988827 0.3594041
 0.38547486 0.39851024 0.37802607 0.39219331 0.32342007 0.39776952
 0.40223464 0.37057728 0.3594041  0.35195531 0.38547486 0.37430168
 0.37988827 0.34758364 0.36245353 0.30669145]

Thus the train average accuracy over all runs was 0.37029642859615236

With a standard deviation of  0.02059434069975482
and highest achieved train accuracy of  0.4200743494423792 .


Training for Dataset nci1.
The Test Accuracies per run were: [0.59854015 0.62530414 0.46715328 0.39902676 0.50851582 0.38442822
 0.56934307 0.486618   0.36739659 0.36829268 0.54014599 0.39172749
 0.38442822 0.40145985 0.62773723 0.35036496 0.42335766 0.36739659
 0.3649635  0.62926829 0.57664234 0.44038929 0.63746959 0.61313869
 0.62530414 0.37712895 0.39659367 0.36009732 0.61800487 0.54146341
 0.50121655 0.56690998 0.37226277 0.41605839 0.37226277 0.59124088
 0.37712895 0.61313869 0.59610706 0.33170732 0.42822384 0.36253041
 0.58394161 0.64720195 0.35523114 0.54014599 0.41849148 0.40389294
 0.65206813 0.61219512 0.58880779 0.59854015 0.58880779 0.42335766
 0.59367397 0.42092457 0.37469586 0.37469586 0.37469586 0.62682927
 0.6107056  0.51094891 0.61557178 0.61557178 0.61800487 0.57420925
 0.64233577 0.60097324 0.50608273 0.5097561  0.4136253  0.43552311
 0.35523114 0.63990268 0.35036496 0.61557178 0.47931873 0.44768856
 0.59124088 0.54878049 0.6107056  0.50608273 0.63746959 0.35523114
 0.3649635  0.59124088 0.6107056  0.61800487 0.5377129  0.53170732
 0.59854015 0.53527981 0.3892944  0.63990268 0.5620438  0.34793187
 0.40145985 0.45498783 0.59610706 0.64878049]

Thus the test average accuracy over all runs was 0.5036824520799953

With a standard deviation of  0.10514373594529995
and highest achieved test accuracy of  0.6520681265206812 .

The train Accuracies per run were: [0.598702   0.62763656 0.45700379 0.36722553 0.51270957 0.38453218
 0.61087074 0.49107626 0.40373175 0.37902136 0.54380746 0.37939427
 0.37020011 0.37939427 0.62114657 0.38372093 0.37074094 0.38912926
 0.37479719 0.61935658 0.58788534 0.48215251 0.61736074 0.61195241
 0.61195241 0.38182802 0.41427799 0.37398594 0.6168199  0.55285212
 0.50946458 0.59383451 0.37317469 0.40859924 0.3831801  0.5822066
 0.38912926 0.58896701 0.62817739 0.38469857 0.40021633 0.37344511
 0.5789616  0.62060573 0.37614927 0.57247161 0.37263386 0.37885343
 0.62466198 0.61962693 0.60870741 0.59221201 0.5838291  0.38588426
 0.61249324 0.44267171 0.3766901  0.37263386 0.39264467 0.62043796
 0.60627366 0.50946458 0.61979448 0.61330449 0.61952407 0.58734451
 0.60465116 0.60546241 0.5016225  0.53041363 0.40183883 0.39616009
 0.37560844 0.60600324 0.3766901  0.60248783 0.44456463 0.44537588
 0.59951325 0.513382   0.61384532 0.48242293 0.62871823 0.37939427
 0.37425635 0.62303948 0.59437534 0.62520281 0.53650622 0.53906461
 0.60573283 0.53866955 0.38912926 0.61573824 0.55949162 0.38885884
 0.37479719 0.44186047 0.60951866 0.61746418]

Thus the train average accuracy over all runs was 0.50360092937284

With a standard deviation of  0.1024379346826839
and highest achieved train accuracy of  0.628718226068145 .


wl:

Training for Dataset dd.
The Test Accuracies per run were: [0.41525424 0.46610169 0.77966102 0.65254237 0.65254237 0.61016949
 0.72033898 0.61016949 0.30769231 0.64957265 0.58474576 0.61864407
 0.73728814 0.62711864 0.76271186 0.65254237 0.74576271 0.63559322
 0.57264957 0.70940171 0.55084746 0.68644068 0.65254237 0.68644068
 0.55932203 0.72033898 0.30508475 0.58474576 0.56410256 0.61538462
 0.55084746 0.6440678  0.44067797 0.62711864 0.61864407 0.37288136
 0.50847458 0.40677966 0.62393162 0.65811966 0.66949153 0.39830508
 0.37288136 0.50847458 0.61016949 0.38135593 0.63559322 0.54237288
 0.64957265 0.5982906  0.43220339 0.63559322 0.62711864 0.61016949
 0.65254237 0.39830508 0.61864407 0.70338983 0.35042735 0.68376068
 0.6440678  0.36440678 0.55932203 0.66949153 0.37288136 0.55932203
 0.53389831 0.63559322 0.67521368 0.58119658 0.68644068 0.71186441
 0.40677966 0.72881356 0.39830508 0.62711864 0.69491525 0.47457627
 0.67521368 0.63247863 0.70338983 0.60169492 0.6779661  0.6440678
 0.62711864 0.65254237 0.62711864 0.72881356 0.66666667 0.65811966
 0.3220339  0.36440678 0.59322034 0.61864407 0.72881356 0.38983051
 0.66949153 0.62711864 0.67521368 0.74358974]

Thus the test average accuracy over all runs was 0.5891771693466609

With a standard deviation of  0.11771214543679276
and highest achieved test accuracy of  0.7796610169491526 .

The train Accuracies per run were: [0.36981132 0.57735849 0.67830189 0.67641509 0.6509434  0.61698113
 0.67641509 0.66792453 0.38171536 0.67577757 0.64716981 0.69339623
 0.66226415 0.69339623 0.67169811 0.69528302 0.68396226 0.66415094
 0.67295005 0.68614515 0.59528302 0.67075472 0.70849057 0.68584906
 0.66415094 0.69150943 0.39150943 0.61415094 0.65409991 0.63901979
 0.60660377 0.66981132 0.46792453 0.68679245 0.6509434  0.4
 0.58584906 0.41792453 0.6399623  0.69557022 0.66981132 0.4009434
 0.43490566 0.46792453 0.6754717  0.36132075 0.68773585 0.65943396
 0.6795476  0.6531574  0.38018868 0.65754717 0.69339623 0.63867925
 0.64433962 0.38584906 0.63679245 0.69150943 0.36757776 0.67483506
 0.60943396 0.43207547 0.5490566  0.70566038 0.39528302 0.63207547
 0.52735849 0.6490566  0.68897267 0.6531574  0.69811321 0.66698113
 0.48584906 0.66981132 0.40471698 0.67641509 0.66698113 0.43773585
 0.64844486 0.65692743 0.66226415 0.65754717 0.68490566 0.66320755
 0.67735849 0.6745283  0.65754717 0.70566038 0.66258247 0.67577757
 0.33396226 0.42830189 0.66698113 0.69622642 0.68207547 0.48773585
 0.62641509 0.67641509 0.68520264 0.67577757]

Thus the train average accuracy over all runs was 0.6087380452759057

With a standard deviation of  0.1077776781470218
and highest achieved train accuracy of  0.7084905660377359 .


Training for Dataset enzymes.
The Test Accuracies per run were: [0.2        0.21666667 0.23333333 0.18333333 0.18333333 0.11666667
 0.23333333 0.16949153 0.25423729 0.27118644 0.18333333 0.13333333
 0.18333333 0.2        0.16666667 0.15       0.3        0.10169492
 0.20338983 0.18644068 0.2        0.26666667 0.16666667 0.06666667
 0.25       0.25       0.2        0.16949153 0.16949153 0.25423729
 0.18333333 0.2        0.15       0.18333333 0.3        0.1
 0.28333333 0.15254237 0.18644068 0.13559322 0.08333333 0.2
 0.2        0.2        0.23333333 0.15       0.28333333 0.20338983
 0.15254237 0.10169492 0.25       0.23333333 0.26666667 0.21666667
 0.18333333 0.28333333 0.23333333 0.18644068 0.15254237 0.18644068
 0.16666667 0.26666667 0.16666667 0.23333333 0.15       0.26666667
 0.2        0.23728814 0.15254237 0.13559322 0.13333333 0.18333333
 0.18333333 0.2        0.16666667 0.23333333 0.2        0.23728814
 0.06779661 0.20338983 0.15       0.2        0.18333333 0.21666667
 0.13333333 0.26666667 0.23333333 0.16949153 0.20338983 0.15254237
 0.2        0.16666667 0.16666667 0.18333333 0.16666667 0.13333333
 0.3        0.08474576 0.27118644 0.13559322]

Thus the test average accuracy over all runs was 0.19238135593220337

With a standard deviation of  0.05216584078627693
and highest achieved test accuracy of  0.3 .

The train Accuracies per run were: [0.39664804 0.34823091 0.3556797  0.3594041  0.3594041  0.3575419
 0.3538175  0.35130112 0.3605948  0.3605948  0.34823091 0.34636872
 0.3575419  0.35195531 0.34264432 0.34264432 0.36499069 0.34572491
 0.37360595 0.36988848 0.38175047 0.34078212 0.37430168 0.38733706
 0.34264432 0.34636872 0.39106145 0.35873606 0.38104089 0.34758364
 0.38175047 0.34450652 0.36126629 0.35009311 0.36312849 0.37430168
 0.37430168 0.37360595 0.35130112 0.37546468 0.36685289 0.39292365
 0.34636872 0.37616387 0.3575419  0.36126629 0.36499069 0.32899628
 0.38104089 0.33828996 0.36871508 0.39851024 0.37057728 0.38919926
 0.37802607 0.3538175  0.34636872 0.35873606 0.35501859 0.35130112
 0.3556797  0.3594041  0.36126629 0.36126629 0.36499069 0.34264432
 0.38733706 0.34386617 0.39405204 0.35687732 0.37057728 0.3594041
 0.33705773 0.35195531 0.33891993 0.33705773 0.34636872 0.366171
 0.37918216 0.34200743 0.36871508 0.33519553 0.38361266 0.37616387
 0.37616387 0.3575419  0.36685289 0.35501859 0.38289963 0.35873606
 0.36685289 0.34264432 0.39478585 0.38175047 0.37988827 0.38175047
 0.36499069 0.36988848 0.3401487  0.35315985]

Thus the train average accuracy over all runs was 0.362256893245554

With a standard deviation of  0.0160659541682151
and highest achieved train accuracy of  0.3985102420856611 .


Training for Dataset nci1.
The Test Accuracies per run were: [0.50121655 0.59367397 0.54257908 0.42822384 0.49391727 0.40389294
 0.42822384 0.41119221 0.38442822 0.51463415 0.57420925 0.39659367
 0.40875912 0.56690998 0.42822384 0.513382   0.50121655 0.36739659
 0.48175182 0.41707317 0.46472019 0.41605839 0.43309002 0.42579075
 0.37956204 0.57177616 0.61313869 0.58394161 0.57664234 0.45853659
 0.44038929 0.59367397 0.486618   0.39902676 0.59367397 0.486618
 0.37469586 0.57177616 0.63746959 0.56341463 0.54987835 0.43309002
 0.59124088 0.56934307 0.49878345 0.60340633 0.51581509 0.51824818
 0.52554745 0.5097561  0.52798054 0.42335766 0.49635036 0.37226277
 0.38442822 0.44525547 0.61557178 0.39172749 0.5620438  0.52195122
 0.42335766 0.54501217 0.37226277 0.45985401 0.44282238 0.55717762
 0.56447689 0.5377129  0.40875912 0.61707317 0.38442822 0.38199513
 0.40875912 0.60827251 0.50364964 0.60583942 0.54744526 0.48418491
 0.54257908 0.42926829 0.5377129  0.49391727 0.42092457 0.45985401
 0.40875912 0.40875912 0.59610706 0.41605839 0.5863747  0.46829268
 0.60340633 0.37956204 0.62530414 0.51824818 0.60583942 0.39172749
 0.4622871  0.48418491 0.43552311 0.47560976]

Thus the test average accuracy over all runs was 0.4908753189721679

With a standard deviation of  0.07702248039600947
and highest achieved test accuracy of  0.6374695863746959 .

The train Accuracies per run were: [0.4851271  0.54948621 0.53542455 0.43942672 0.47917793 0.3783126
 0.46295295 0.45078421 0.40373175 0.51824818 0.5757166  0.41400757
 0.44348296 0.5838291  0.46133045 0.4983775  0.48729043 0.38885884
 0.53028664 0.41632874 0.46890211 0.42455381 0.47106544 0.42698756
 0.39561925 0.57382369 0.59004867 0.58193618 0.59410492 0.48796972
 0.46078962 0.59329367 0.5181179  0.38994051 0.595457   0.47566252
 0.4029205  0.58491076 0.61005949 0.55717762 0.53299081 0.43401839
 0.61546782 0.60411033 0.50865333 0.60762574 0.49215792 0.46457545
 0.58031368 0.52554745 0.52379665 0.46673878 0.48972418 0.42617631
 0.39507842 0.41211466 0.60086533 0.39994592 0.55949162 0.47147878
 0.41238507 0.5657112  0.38534343 0.46078962 0.42482423 0.56300703
 0.59167117 0.48377501 0.42779881 0.58799676 0.404543   0.42212006
 0.41238507 0.60465116 0.51865873 0.58572201 0.55949162 0.48729043
 0.58734451 0.42254663 0.56517036 0.47133586 0.41671174 0.4440238
 0.46295295 0.41725257 0.59004867 0.47106544 0.60383991 0.44390376
 0.59518659 0.39264467 0.5805841  0.4818821  0.58599243 0.39075176
 0.45781504 0.46160087 0.44618713 0.46985672]

Thus the train average accuracy over all runs was 0.49473255528842885

With a standard deviation of  0.07163147941569603
and highest achieved train accuracy of  0.6154678204434829 .


closed_walk:

Training for Dataset dd.
The Test Accuracies per run were: [0.56779661 0.66949153 0.55932203 0.55084746 0.6779661  0.53389831
 0.6779661  0.55932203 0.34188034 0.70940171 0.66949153 0.60169492
 0.3559322  0.38135593 0.65254237 0.34745763 0.44067797 0.60169492
 0.29059829 0.28205128 0.36440678 0.37288136 0.58474576 0.66949153
 0.60169492 0.33898305 0.31355932 0.3559322  0.71794872 0.65811966
 0.38983051 0.62711864 0.27118644 0.3220339  0.52542373 0.39830508
 0.65254237 0.44067797 0.52991453 0.67521368 0.36440678 0.72033898
 0.31355932 0.66949153 0.31355932 0.62711864 0.68644068 0.42372881
 0.58119658 0.69230769 0.54237288 0.68644068 0.70338983 0.61864407
 0.33050847 0.66949153 0.61016949 0.29661017 0.57264957 0.29059829
 0.33898305 0.72881356 0.66101695 0.66949153 0.63559322 0.44915254
 0.44067797 0.74576271 0.27350427 0.70940171 0.61016949 0.60169492
 0.37288136 0.66101695 0.59322034 0.71186441 0.31355932 0.28813559
 0.23931624 0.5042735  0.6779661  0.55932203 0.60169492 0.68644068
 0.38135593 0.31355932 0.37288136 0.69491525 0.66666667 0.64957265
 0.36440678 0.66101695 0.62711864 0.1779661  0.63559322 0.62711864
 0.66101695 0.55932203 0.34188034 0.57264957]

Thus the test average accuracy over all runs was 0.5237541648558597

With a standard deviation of  0.15330190934950044
and highest achieved test accuracy of  0.7457627118644068 .

The train Accuracies per run were: [0.61886792 0.63962264 0.56792453 0.58773585 0.6745283  0.54528302
 0.6490566  0.56792453 0.36852026 0.67106503 0.69150943 0.66792453
 0.42735849 0.36981132 0.65188679 0.31886792 0.43773585 0.64339623
 0.31196984 0.28369463 0.36320755 0.34245283 0.65943396 0.66981132
 0.61132075 0.34716981 0.2745283  0.36509434 0.63053723 0.67860509
 0.38679245 0.68962264 0.26792453 0.31981132 0.53584906 0.31320755
 0.65943396 0.38207547 0.57021678 0.69839774 0.33584906 0.67641509
 0.30660377 0.64339623 0.30849057 0.66320755 0.68113208 0.32641509
 0.59189444 0.64184731 0.55377358 0.68679245 0.7        0.63490566
 0.35       0.65943396 0.51132075 0.31792453 0.49764373 0.3732328
 0.33113208 0.6754717  0.67735849 0.7009434  0.6009434  0.34433962
 0.38207547 0.71132075 0.30537229 0.67672008 0.62735849 0.54811321
 0.31037736 0.67169811 0.66886792 0.63679245 0.3254717  0.31886792
 0.33459001 0.56927427 0.63396226 0.58018868 0.66698113 0.68962264
 0.41698113 0.30660377 0.37075472 0.66415094 0.67012253 0.63901979
 0.33207547 0.59339623 0.62075472 0.2745283  0.63113208 0.68018868
 0.69056604 0.53867925 0.41093308 0.59283695]

Thus the train average accuracy over all runs was 0.5234102217559085

With a standard deviation of  0.1505907949598341
and highest achieved train accuracy of  0.7113207547169811 .


Training for Dataset enzymes.
The Test Accuracies per run were: [0.11666667 0.13333333 0.13333333 0.21666667 0.13333333 0.25
 0.21666667 0.13559322 0.23728814 0.16949153 0.3        0.26666667
 0.13333333 0.2        0.21666667 0.16666667 0.25       0.22033898
 0.10169492 0.22033898 0.11666667 0.15       0.18333333 0.31666667
 0.21666667 0.23333333 0.16666667 0.20338983 0.18644068 0.25423729
 0.2        0.18333333 0.11666667 0.28333333 0.26666667 0.15
 0.18333333 0.10169492 0.20338983 0.20338983 0.25       0.23333333
 0.05       0.18333333 0.16666667 0.25       0.21666667 0.23728814
 0.23728814 0.18644068 0.2        0.21666667 0.2        0.28333333
 0.18333333 0.21666667 0.26666667 0.16949153 0.11864407 0.16949153
 0.18333333 0.21666667 0.16666667 0.16666667 0.25       0.2
 0.25       0.15254237 0.22033898 0.22033898 0.18333333 0.23333333
 0.15       0.13333333 0.18333333 0.11666667 0.23333333 0.25423729
 0.22033898 0.27118644 0.23333333 0.26666667 0.26666667 0.2
 0.11666667 0.23333333 0.13333333 0.30508475 0.23728814 0.18644068
 0.11666667 0.18333333 0.23333333 0.23333333 0.26666667 0.25
 0.25       0.16949153 0.16949153 0.16949153]

Thus the test average accuracy over all runs was 0.19998870056497178

With a standard deviation of  0.051943045019975535
and highest achieved test accuracy of  0.31666666666666665 .

The train Accuracies per run were: [0.21973929 0.24394786 0.18994413 0.2122905  0.19925512 0.20111732
 0.23463687 0.18773234 0.24163569 0.22490706 0.20484171 0.23836127
 0.23463687 0.23836127 0.25139665 0.24581006 0.22532588 0.20817844
 0.21375465 0.19702602 0.23463687 0.24208566 0.19739292 0.18808194
 0.24581006 0.20856611 0.24581006 0.23605948 0.23048327 0.2267658
 0.24953445 0.25698324 0.19366853 0.22346369 0.20111732 0.2122905
 0.19739292 0.23605948 0.21747212 0.25650558 0.23836127 0.2122905
 0.20297952 0.22160149 0.25698324 0.22532588 0.22718808 0.24163569
 0.23420074 0.20446097 0.24208566 0.20484171 0.22532588 0.22346369
 0.26256983 0.26256983 0.19925512 0.23420074 0.18587361 0.20446097
 0.26070764 0.22718808 0.21042831 0.22160149 0.25512104 0.22160149
 0.2160149  0.26208178 0.24907063 0.23605948 0.20856611 0.21973929
 0.20856611 0.24394786 0.22905028 0.25698324 0.20297952 0.24535316
 0.23977695 0.22862454 0.24208566 0.25698324 0.23091248 0.18621974
 0.2160149  0.21787709 0.20297952 0.23420074 0.21933086 0.23048327
 0.18621974 0.20670391 0.24394786 0.25325885 0.20111732 0.24953445
 0.23091248 0.24535316 0.21933086 0.19144981]

Thus the train average accuracy over all runs was 0.225311312329962

With a standard deviation of  0.020725402682378387
and highest achieved train accuracy of  0.26256983240223464 .


Training for Dataset nci1.
The Test Accuracies per run were: [0.6350365  0.53041363 0.67883212 0.54744526 0.50364964 0.59124088
 0.62530414 0.6350365  0.47931873 0.50487805 0.52798054 0.61313869
 0.61557178 0.50121655 0.50121655 0.59854015 0.53527981 0.48905109
 0.51581509 0.50487805 0.58394161 0.49148418 0.62287105 0.61800487
 0.513382   0.46472019 0.53284672 0.52068127 0.60583942 0.59756098
 0.64233577 0.513382   0.486618   0.60097324 0.63260341 0.486618
 0.6836983  0.49391727 0.53527981 0.5195122  0.486618   0.63260341
 0.62530414 0.60827251 0.51824818 0.59610706 0.59854015 0.66423358
 0.52798054 0.48536585 0.486618   0.63017032 0.51581509 0.64233577
 0.58394161 0.47688564 0.63990268 0.65450122 0.64476886 0.51463415
 0.63990268 0.5377129  0.50364964 0.62773723 0.60583942 0.49635036
 0.51094891 0.513382   0.52798054 0.61707317 0.53527981 0.5377129
 0.62043796 0.47201946 0.6350365  0.49148418 0.63017032 0.51094891
 0.48905109 0.64146341 0.45498783 0.61557178 0.51824818 0.54014599
 0.63746959 0.64963504 0.51824818 0.61313869 0.48905109 0.5097561
 0.63260341 0.66423358 0.48418491 0.49635036 0.61313869 0.63260341
 0.57177616 0.47445255 0.62043796 0.53170732]

Thus the test average accuracy over all runs was 0.5622488279627321

With a standard deviation of  0.06310533382668057
and highest achieved test accuracy of  0.683698296836983 .

The train Accuracies per run were: [0.62628448 0.51270957 0.62222823 0.49891833 0.5        0.63358572
 0.62979989 0.62466198 0.51838832 0.50364964 0.50676041 0.63115197
 0.63088156 0.50405625 0.50405625 0.63466739 0.50594916 0.51108707
 0.51433207 0.50364964 0.63277447 0.51703624 0.63034072 0.62817739
 0.50838291 0.52001082 0.51243916 0.51379124 0.62790698 0.63260341
 0.62709573 0.50270416 0.50567875 0.63331531 0.62898864 0.51135749
 0.62358031 0.51676582 0.51216874 0.50202758 0.51757707 0.62952948
 0.63169281 0.63169281 0.50216333 0.63331531 0.59491617 0.62763656
 0.49729584 0.51148959 0.50189292 0.6249324  0.51433207 0.62763656
 0.63466739 0.50676041 0.62682531 0.62655489 0.62790698 0.51446337
 0.62817739 0.51189832 0.50378583 0.62736614 0.62763656 0.50459708
 0.5148729  0.50838291 0.51297999 0.630711   0.51216874 0.51189832
 0.63034072 0.51919957 0.62871823 0.51703624 0.62790698 0.5148729
 0.51730665 0.62827791 0.50919416 0.62628448 0.50216333 0.51162791
 0.62844781 0.62952948 0.50784208 0.63142239 0.51730665 0.50878616
 0.62925906 0.62790698 0.51784749 0.50459708 0.63061114 0.62520281
 0.53001622 0.51270957 0.63061114 0.51257097]

Thus the train average accuracy over all runs was 0.5645931632524307

With a standard deviation of  0.059152552182107264
and highest achieved train accuracy of  0.6346673877771769 .
