graphlet:
Hab hier train und test vergessen zu ändern, zuerst kommen die test werte, dann die train werte.

Training for Dataset dd.
The Test Accuracies per run were: [0.62711864 0.72881356 0.72881356 0.66949153 0.73728814 0.68644068
 0.76271186 0.73728814 0.64957265 0.73504274 0.71186441 0.62711864
 0.8220339  0.29661017 0.6779661  0.70338983 0.27966102 0.72033898
 0.73504274 0.25641026 0.70338983 0.70338983 0.74576271 0.29661017
 0.76271186 0.79661017 0.75423729 0.61864407 0.60683761 0.24786325
 0.6779661  0.75423729 0.68644068 0.6779661  0.68644068 0.70338983
 0.65254237 0.70338983 0.71794872 0.74358974 0.63559322 0.20338983
 0.6779661  0.59322034 0.26271186 0.71186441 0.77118644 0.6779661
 0.68376068 0.73504274 0.73728814 0.71186441 0.74576271 0.6779661
 0.77966102 0.69491525 0.68644068 0.6779661  0.74358974 0.68376068
 0.76271186 0.6779661  0.75423729 0.6779661  0.27966102 0.66949153
 0.33050847 0.21186441 0.72649573 0.67521368 0.69491525 0.8220339
 0.72033898 0.77118644 0.73728814 0.61864407 0.63559322 0.24576271
 0.64957265 0.67521368 0.71186441 0.77966102 0.55932203 0.62711864
 0.76271186 0.77966102 0.81355932 0.77118644 0.66666667 0.74358974
 0.69491525 0.73728814 0.71186441 0.65254237 0.79661017 0.24576271
 0.77118644 0.72881356 0.25641026 0.76923077]

Thus the test average accuracy over all runs was 0.651415326669564

With a standard deviation of  0.15869848467321723
and highest achieved Accuracy of  0.8220338983050848 .

The Test Accuracies per run were: [0.69716981 0.68207547 0.71792453 0.6745283  0.69716981 0.66603774
 0.75566038 0.74433962 0.68426013 0.73609802 0.7509434  0.69245283
 0.74339623 0.27075472 0.6754717  0.67924528 0.29622642 0.73679245
 0.73138549 0.26201697 0.68396226 0.67735849 0.75283019 0.25943396
 0.73113208 0.73679245 0.73679245 0.6754717  0.69745523 0.29406221
 0.70849057 0.73301887 0.68301887 0.68679245 0.68301887 0.73396226
 0.68679245 0.68018868 0.66823751 0.73892554 0.7009434  0.27924528
 0.68867925 0.71320755 0.26037736 0.70377358 0.6990566  0.70283019
 0.73421301 0.74552309 0.70377358 0.73962264 0.7490566  0.70660377
 0.73490566 0.74528302 0.68490566 0.74056604 0.73704053 0.74175306
 0.69811321 0.76415094 0.74150943 0.68396226 0.26981132 0.71698113
 0.25       0.26320755 0.67577757 0.68897267 0.74433962 0.74528302
 0.73679245 0.74433962 0.73396226 0.68113208 0.69245283 0.27075472
 0.72196041 0.67295005 0.6745283  0.74811321 0.69339623 0.68867925
 0.73301887 0.73679245 0.73679245 0.74433962 0.68708765 0.74552309
 0.72358491 0.72830189 0.73867925 0.7509434  0.72830189 0.26792453
 0.73207547 0.73490566 0.2667295  0.74458058]

Thus the test average accuracy over all runs was 0.6575379759216119

With a standard deviation of  0.15200967333384097
and highest achieved Accuracy of  0.7641509433962265 .


Computing Gram Matrix
Training for Dataset enzymes.
The Test Accuracies per run were: [0.31666667 0.3        0.23333333 0.18333333 0.16666667 0.2
 0.13333333 0.23728814 0.20338983 0.23728814 0.15       0.16666667
 0.15       0.25       0.26666667 0.25       0.26666667 0.16949153
 0.16949153 0.3220339  0.2        0.21666667 0.26666667 0.23333333
 0.23333333 0.16666667 0.21666667 0.22033898 0.27118644 0.28813559
 0.21666667 0.21666667 0.23333333 0.26666667 0.16666667 0.23333333
 0.2        0.11864407 0.16949153 0.23728814 0.2        0.21666667
 0.23333333 0.15       0.25       0.2        0.26666667 0.28813559
 0.22033898 0.18644068 0.16666667 0.18333333 0.3        0.15
 0.3        0.16666667 0.18333333 0.25423729 0.23728814 0.25423729
 0.21666667 0.18333333 0.33333333 0.26666667 0.18333333 0.3
 0.2        0.20338983 0.22033898 0.27118644 0.23333333 0.23333333
 0.15       0.15       0.25       0.18333333 0.21666667 0.11864407
 0.08474576 0.30508475 0.08333333 0.2        0.16666667 0.2
 0.15       0.11666667 0.2        0.18644068 0.20338983 0.28813559
 0.18333333 0.2        0.16666667 0.31666667 0.25       0.23333333
 0.2        0.16949153 0.30508475 0.22033898]

Thus the test average accuracy over all runs was 0.21494350282485875

With a standard deviation of  0.053035479985730896
and highest achieved Accuracy of  0.3333333333333333 .

The Test Accuracies per run were: [0.31098696 0.24208566 0.31843575 0.27374302 0.34823091 0.33147114
 0.26256983 0.30111524 0.2936803  0.30297398 0.32216015 0.26070764
 0.27746741 0.27188082 0.26443203 0.26629423 0.29981378 0.30855019
 0.28252788 0.31598513 0.31098696 0.30726257 0.28119181 0.32402235
 0.30167598 0.2867784  0.27932961 0.28996283 0.29739777 0.32713755
 0.30912477 0.31098696 0.25512104 0.28119181 0.2867784  0.27932961
 0.2867784  0.26951673 0.25650558 0.27137546 0.31843575 0.30540037
 0.2867784  0.26443203 0.27746741 0.29795158 0.27374302 0.28624535
 0.32342007 0.27695167 0.30167598 0.32588454 0.24394786 0.31657356
 0.27188082 0.29236499 0.31098696 0.30297398 0.27881041 0.31226766
 0.31657356 0.25325885 0.26815642 0.29795158 0.28119181 0.29236499
 0.29236499 0.32156134 0.30483271 0.27695167 0.33333333 0.33333333
 0.29050279 0.26629423 0.27932961 0.27746741 0.30726257 0.24535316
 0.29739777 0.28438662 0.25512104 0.30353818 0.29795158 0.31098696
 0.31843575 0.2849162  0.30167598 0.32342007 0.30111524 0.24535316
 0.2886406  0.27932961 0.30912477 0.30726257 0.32216015 0.29981378
 0.30540037 0.28996283 0.27509294 0.28066914]

Thus the test average accuracy over all runs was 0.29255598706845826

With a standard deviation of  0.02253737719774751
and highest achieved Accuracy of  0.34823091247672255 .


Computing Gram Matrix
Training for Dataset nci1.
The Test Accuracies per run were: [0.38442822 0.38686131 0.33090024 0.37956204 0.61800487 0.65206813
 0.60340633 0.42335766 0.58394161 0.40487805 0.41119221 0.36009732
 0.39902676 0.45255474 0.57664234 0.37226277 0.39416058 0.37956204
 0.34549878 0.3902439  0.35766423 0.36253041 0.39902676 0.37712895
 0.36253041 0.40389294 0.39902676 0.55474453 0.57177616 0.57804878
 0.3892944  0.60340633 0.55231144 0.37956204 0.59124088 0.49391727
 0.57420925 0.63746959 0.58150852 0.45121951 0.35279805 0.63260341
 0.35523114 0.56934307 0.37469586 0.42579075 0.39172749 0.52068127
 0.56690998 0.62439024 0.46715328 0.39902676 0.50364964 0.59124088
 0.52554745 0.52554745 0.59367397 0.59610706 0.36982968 0.37560976
 0.62773723 0.49391727 0.45255474 0.34549878 0.33819951 0.42579075
 0.41119221 0.36009732 0.40875912 0.44146341 0.35279805 0.52798054
 0.42092457 0.48905109 0.3892944  0.40389294 0.56934307 0.43309002
 0.38199513 0.41707317 0.38442822 0.45985401 0.57664234 0.39659367
 0.55961071 0.36253041 0.3649635  0.55474453 0.42579075 0.37073171
 0.38442822 0.38199513 0.38442822 0.35036496 0.42335766 0.46715328
 0.37469586 0.44038929 0.60583942 0.59756098]

Thus the test average accuracy over all runs was 0.45787472553557657

With a standard deviation of  0.09354574175300852
and highest achieved Accuracy of  0.6520681265206812 .

The Test Accuracies per run were: [0.37939427 0.37128177 0.38696593 0.37452677 0.62547323 0.57544619
 0.60086533 0.38588426 0.6151974  0.369289   0.40210925 0.37858302
 0.37777177 0.46484586 0.62195782 0.37750135 0.37858302 0.37236344
 0.37750135 0.37523655 0.37696052 0.37777177 0.40968091 0.38831801
 0.39237426 0.39102217 0.40751758 0.5575987  0.60492158 0.61827521
 0.398053   0.5789616  0.54245538 0.37641969 0.59004867 0.47458085
 0.60924824 0.6184424  0.61952407 0.44985131 0.38101677 0.62249865
 0.37912385 0.55840995 0.38263926 0.37777177 0.37614927 0.47647377
 0.5608437  0.61367937 0.48864251 0.37533802 0.50730124 0.60870741
 0.50757166 0.59897242 0.61141157 0.60870741 0.38236885 0.38821303
 0.61546782 0.54570038 0.44537588 0.37939427 0.38642509 0.404543
 0.40021633 0.37939427 0.41481882 0.42714247 0.37858302 0.55624662
 0.37858302 0.50405625 0.37533802 0.37479719 0.53163872 0.43537047
 0.3831801  0.46742363 0.37182261 0.43158464 0.5575987  0.37101136
 0.56300703 0.37236344 0.38101677 0.53975122 0.46268253 0.37550689
 0.43104381 0.38263926 0.39264467 0.37939427 0.37696052 0.48080043
 0.38101677 0.41319632 0.61060032 0.61530143]

Thus the test average accuracy over all runs was 0.46072282336696313

With a standard deviation of  0.09391724063696022
and highest achieved Accuracy of  0.6254732287723094 .

wl:

Training for Dataset dd.
The Test Accuracies per run were: [0.61016949 0.65254237 0.65254237 0.69491525 0.41525424 0.62711864
 0.61016949 0.6779661  0.27350427 0.4957265  0.3220339  0.57627119
 0.3220339  0.54237288 0.66949153 0.52542373 0.61016949 0.65254237
 0.70940171 0.39316239 0.55932203 0.33898305 0.59322034 0.41525424
 0.65254237 0.66101695 0.50847458 0.65254237 0.62393162 0.52991453
 0.58474576 0.49152542 0.6440678  0.47457627 0.68644068 0.43220339
 0.62711864 0.23728814 0.5982906  0.47008547 0.46610169 0.41525424
 0.72033898 0.68644068 0.61864407 0.68644068 0.6440678  0.66101695
 0.66666667 0.61538462 0.66949153 0.41525424 0.73728814 0.36440678
 0.41525424 0.72033898 0.59322034 0.37288136 0.56410256 0.64957265
 0.39830508 0.75423729 0.63559322 0.43220339 0.62711864 0.66949153
 0.62711864 0.61864407 0.7008547  0.35897436 0.66949153 0.61864407
 0.63559322 0.56779661 0.68644068 0.62711864 0.66949153 0.61016949
 0.63247863 0.77777778 0.62711864 0.38135593 0.38135593 0.36440678
 0.33898305 0.66101695 0.76271186 0.61864407 0.30769231 0.61538462
 0.3559322  0.57627119 0.55932203 0.58474576 0.39830508 0.5
 0.59322034 0.34745763 0.63247863 0.7008547 ]

Thus the test average accuracy over all runs was 0.5612132406200202

With a standard deviation of  0.12830423082037254
and highest achieved test accuracy of  0.7777777777777778 .

The train Accuracies per run were: [0.60849057 0.69716981 0.66415094 0.69622642 0.37924528 0.62735849
 0.66132075 0.67358491 0.36098021 0.53251649 0.38396226 0.65188679
 0.36981132 0.56886792 0.67924528 0.63867925 0.67830189 0.62358491
 0.67106503 0.48067861 0.67264151 0.44150943 0.61509434 0.38679245
 0.7        0.66603774 0.40849057 0.62358491 0.69180019 0.54288407
 0.60471698 0.38773585 0.6754717  0.42264151 0.67641509 0.39716981
 0.68679245 0.34811321 0.68426013 0.51837889 0.46509434 0.34056604
 0.66886792 0.68867925 0.65       0.67830189 0.66132075 0.66226415
 0.7068803  0.65598492 0.68962264 0.34245283 0.67358491 0.41037736
 0.41415094 0.68301887 0.69622642 0.34339623 0.6531574  0.69462771
 0.43679245 0.65377358 0.66603774 0.40660377 0.66415094 0.68490566
 0.69716981 0.60943396 0.68708765 0.41470311 0.68584906 0.65849057
 0.68490566 0.62264151 0.68396226 0.64433962 0.6754717  0.64811321
 0.67672008 0.67860509 0.65754717 0.38679245 0.42735849 0.3490566
 0.42358491 0.68679245 0.68773585 0.64811321 0.3336475  0.667295
 0.32169811 0.60754717 0.62169811 0.61792453 0.41792453 0.53301887
 0.64811321 0.33113208 0.69462771 0.66918002]

Thus the train average accuracy over all runs was 0.578867782263084

With a standard deviation of  0.1270271587260421
and highest achieved train accuracy of  0.706880301602262 .


Training for Dataset enzymes.
The Test Accuracies per run were: [0.16666667 0.21666667 0.25       0.18333333 0.18333333 0.15
 0.15       0.16949153 0.16949153 0.23728814 0.2        0.23333333
 0.21666667 0.2        0.25       0.23333333 0.16666667 0.18644068
 0.15254237 0.33898305 0.3        0.31666667 0.21666667 0.25
 0.18333333 0.21666667 0.15       0.16949153 0.20338983 0.25423729
 0.15       0.11666667 0.21666667 0.2        0.3        0.3
 0.25       0.13559322 0.11864407 0.30508475 0.2        0.13333333
 0.16666667 0.18333333 0.18333333 0.16666667 0.15       0.13559322
 0.22033898 0.10169492 0.18333333 0.25       0.25       0.16666667
 0.23333333 0.15       0.21666667 0.23728814 0.15254237 0.16949153
 0.18333333 0.18333333 0.16666667 0.1        0.13333333 0.21666667
 0.23333333 0.25423729 0.22033898 0.18644068 0.18333333 0.21666667
 0.16666667 0.25       0.11666667 0.16666667 0.21666667 0.25423729
 0.13559322 0.18644068 0.2        0.18333333 0.2        0.13333333
 0.13333333 0.2        0.26666667 0.18644068 0.18644068 0.22033898
 0.23333333 0.11666667 0.16666667 0.3        0.15       0.21666667
 0.15       0.16949153 0.20338983 0.16949153]

Thus the test average accuracy over all runs was 0.19613841807909604

With a standard deviation of  0.049674063817111674
and highest achieved test accuracy of  0.3389830508474576 .

The train Accuracies per run were: [0.33891993 0.34450652 0.34636872 0.3538175  0.38919926 0.36685289
 0.34823091 0.32156134 0.33271375 0.39033457 0.36871508 0.35195531
 0.36499069 0.32402235 0.3575419  0.32960894 0.37057728 0.366171
 0.35130112 0.35501859 0.36871508 0.39106145 0.36871508 0.32402235
 0.34636872 0.37430168 0.33705773 0.35501859 0.36802974 0.38475836
 0.37430168 0.37802607 0.34636872 0.34823091 0.35009311 0.3575419
 0.35009311 0.34200743 0.36802974 0.35130112 0.35195531 0.37430168
 0.36126629 0.35009311 0.35009311 0.36499069 0.38361266 0.34572491
 0.35687732 0.3866171  0.36312849 0.37430168 0.37243948 0.37243948
 0.34078212 0.37057728 0.3594041  0.33643123 0.34758364 0.34386617
 0.34450652 0.3575419  0.36126629 0.37243948 0.37988827 0.36312849
 0.3575419  0.34944238 0.35687732 0.3401487  0.34450652 0.3556797
 0.37057728 0.37430168 0.3575419  0.34450652 0.38175047 0.35130112
 0.37732342 0.3605948  0.38361266 0.37616387 0.37057728 0.3594041
 0.37057728 0.3575419  0.35195531 0.34944238 0.32342007 0.32713755
 0.34823091 0.37430168 0.36871508 0.34264432 0.33891993 0.3575419
 0.36871508 0.366171   0.34758364 0.37546468]

Thus the train average accuracy over all runs was 0.3582192131696814

With a standard deviation of  0.01588378706972905
and highest achieved train accuracy of  0.39106145251396646 .


Training for Dataset nci1.
The Test Accuracies per run were: [0.58880779 0.4379562  0.37469586 0.50364964 0.59124088 0.40389294
 0.55231144 0.42335766 0.42579075 0.43658537 0.42822384 0.47931873
 0.45012165 0.48175182 0.3892944  0.46715328 0.45255474 0.42092457
 0.40389294 0.56829268 0.56934307 0.57664234 0.41849148 0.52068127
 0.39659367 0.47688564 0.49635036 0.57664234 0.53041363 0.42195122
 0.45498783 0.52068127 0.43065693 0.42822384 0.57420925 0.46715328
 0.52311436 0.43552311 0.48418491 0.59756098 0.44038929 0.36253041
 0.53284672 0.47688564 0.42822384 0.48418491 0.40632603 0.4622871
 0.51581509 0.46341463 0.4622871  0.62773723 0.44282238 0.39416058
 0.40389294 0.41605839 0.57907543 0.5620438  0.43552311 0.44634146
 0.38686131 0.40875912 0.38199513 0.45742092 0.45742092 0.47688564
 0.51824818 0.4622871  0.43065693 0.40487805 0.49148418 0.47688564
 0.39172749 0.513382   0.59124088 0.49148418 0.36739659 0.44282238
 0.50121655 0.60487805 0.48418491 0.40875912 0.48418491 0.53041363
 0.49148418 0.42092457 0.39172749 0.59367397 0.42822384 0.48780488
 0.45012165 0.58150852 0.57420925 0.60097324 0.51094891 0.60340633
 0.51094891 0.46472019 0.45498783 0.3804878 ]

Thus the test average accuracy over all runs was 0.4763457955017506

With a standard deviation of  0.06605636672080939
and highest achieved test accuracy of  0.6277372262773723 .

The train Accuracies per run were: [0.59248242 0.43293672 0.40508383 0.49783667 0.58301785 0.38750676
 0.54515955 0.45511087 0.42482423 0.45174371 0.44510546 0.46511628
 0.45943753 0.46430503 0.45186587 0.44943213 0.41427799 0.4177934
 0.43158464 0.57231684 0.54840454 0.58788534 0.4556517  0.48810168
 0.4194159  0.48080043 0.52379665 0.55137912 0.50459708 0.4379562
 0.45105462 0.47755544 0.47160627 0.44483505 0.50513791 0.43077339
 0.52028123 0.43077339 0.52568956 0.59772912 0.4029205  0.42617631
 0.51135749 0.47458085 0.4440238  0.46187128 0.40562466 0.47431044
 0.50946458 0.47418221 0.45943753 0.60438075 0.45808545 0.41914548
 0.41914548 0.45051379 0.60546241 0.5740941  0.44023797 0.45660989
 0.44618713 0.4424013  0.4359113  0.40021633 0.50513791 0.42184965
 0.52379665 0.47917793 0.40237966 0.40281157 0.49351001 0.49296917
 0.44591671 0.5378583  0.61736074 0.43996755 0.4194159  0.4194159
 0.44862088 0.61286834 0.50216333 0.40156842 0.50621958 0.55895078
 0.47025419 0.4621417  0.41508924 0.58599243 0.40319091 0.44255204
 0.48539751 0.601947   0.57625744 0.59085992 0.46241211 0.58112493
 0.52325581 0.45916712 0.42752839 0.40848878]

Thus the train average accuracy over all runs was 0.4792432199601986

With a standard deviation of  0.060830371150626006
and highest achieved train accuracy of  0.6173607355327204 .

closed_walk:

Training for Dataset dd.
The Test Accuracies per run were: [0.42372881 0.33050847 0.27966102 0.61864407 0.55932203 0.68644068
 0.62711864 0.65254237 0.72649573 0.65811966 0.47457627 0.38135593
 0.72033898 0.38135593 0.40677966 0.47457627 0.65254237 0.61864407
 0.55555556 0.60683761 0.37288136 0.6440678  0.30508475 0.61864407
 0.60169492 0.36440678 0.59322034 0.60169492 0.64957265 0.27350427
 0.55084746 0.61016949 0.61864407 0.24576271 0.55084746 0.6779661
 0.66949153 0.52542373 0.71794872 0.34188034 0.21186441 0.51694915
 0.36440678 0.68644068 0.6440678  0.61016949 0.61016949 0.61016949
 0.68376068 0.51282051 0.66101695 0.63559322 0.33050847 0.60169492
 0.60169492 0.55084746 0.66949153 0.71186441 0.58974359 0.52991453
 0.28813559 0.57627119 0.21186441 0.46610169 0.38135593 0.39830508
 0.61016949 0.49152542 0.32478632 0.58119658 0.30508475 0.24576271
 0.37288136 0.53389831 0.71186441 0.55932203 0.51694915 0.66949153
 0.38461538 0.4017094  0.5        0.62711864 0.26271186 0.65254237
 0.37288136 0.55932203 0.58474576 0.55932203 0.67521368 0.61538462
 0.33898305 0.61864407 0.63559322 0.38135593 0.46610169 0.66101695
 0.62711864 0.30508475 0.67521368 0.58974359]

Thus the test average accuracy over all runs was 0.5244147472113575

With a standard deviation of  0.14029301663795965
and highest achieved test accuracy of  0.7264957264957265 .

The train Accuracies per run were: [0.32075472 0.31509434 0.35377358 0.63018868 0.58018868 0.6509434
 0.60660377 0.68490566 0.60320452 0.62488219 0.4254717  0.35849057
 0.64811321 0.38490566 0.39528302 0.55       0.63207547 0.55188679
 0.65032988 0.5739868  0.40471698 0.63396226 0.31886792 0.63113208
 0.64433962 0.34622642 0.62169811 0.60566038 0.66823751 0.31479736
 0.56037736 0.61132075 0.6245283  0.28396226 0.62924528 0.68301887
 0.69528302 0.59339623 0.58906692 0.35626767 0.28207547 0.57924528
 0.3254717  0.65754717 0.63018868 0.64528302 0.57358491 0.62641509
 0.63147974 0.51555137 0.61981132 0.63867925 0.3009434  0.63773585
 0.61037736 0.63679245 0.61981132 0.65188679 0.67483506 0.50895382
 0.34150943 0.61886792 0.24245283 0.58396226 0.3254717  0.34716981
 0.62924528 0.54056604 0.3336475  0.54099906 0.33962264 0.32169811
 0.36792453 0.58396226 0.6490566  0.56320755 0.5490566  0.67830189
 0.34307257 0.41470311 0.54056604 0.5990566  0.28396226 0.64622642
 0.33113208 0.57169811 0.61509434 0.63396226 0.667295   0.56456173
 0.37641509 0.64716981 0.65943396 0.32735849 0.49622642 0.64150943
 0.63207547 0.30754717 0.65975495 0.64184731]

Thus the train average accuracy over all runs was 0.5288124766596127

With a standard deviation of  0.13466744378852566
and highest achieved train accuracy of  0.6952830188679245 .


Training for Dataset enzymes.
The Test Accuracies per run were: [0.23333333 0.16666667 0.23333333 0.15       0.23333333 0.1
 0.13333333 0.25423729 0.22033898 0.18644068 0.25       0.3
 0.25       0.2        0.16666667 0.21666667 0.26666667 0.18644068
 0.27118644 0.23728814 0.2        0.1        0.18333333 0.2
 0.16666667 0.18333333 0.18333333 0.22033898 0.22033898 0.15254237
 0.2        0.26666667 0.2        0.2        0.2        0.21666667
 0.11666667 0.13559322 0.16949153 0.13559322 0.2        0.11666667
 0.23333333 0.2        0.28333333 0.11666667 0.18333333 0.16949153
 0.23728814 0.22033898 0.18333333 0.23333333 0.28333333 0.11666667
 0.25       0.2        0.15       0.22033898 0.18644068 0.15254237
 0.18333333 0.08333333 0.15       0.11666667 0.2        0.2
 0.23333333 0.22033898 0.25423729 0.23728814 0.28333333 0.18333333
 0.21666667 0.21666667 0.2        0.21666667 0.18333333 0.18644068
 0.27118644 0.18644068 0.2        0.21666667 0.15       0.16666667
 0.26666667 0.2        0.26666667 0.18644068 0.25423729 0.23728814
 0.2        0.16666667 0.26666667 0.2        0.26666667 0.16666667
 0.11666667 0.13559322 0.28813559 0.16949153]

Thus the test average accuracy over all runs was 0.1998672316384181

With a standard deviation of  0.04770313238576646
and highest achieved test accuracy of  0.3 .

The train Accuracies per run were: [0.24581006 0.20484171 0.20856611 0.20484171 0.18249534 0.2141527
 0.20670391 0.21189591 0.18773234 0.22118959 0.18249534 0.18994413
 0.21787709 0.20670391 0.21042831 0.21787709 0.24394786 0.18401487
 0.22304833 0.2267658  0.20484171 0.21973929 0.23091248 0.2160149
 0.22160149 0.21787709 0.17877095 0.22862454 0.21561338 0.18773234
 0.24394786 0.2122905  0.20856611 0.22532588 0.21042831 0.18435754
 0.18808194 0.20074349 0.19702602 0.19516729 0.26256983 0.20856611
 0.2122905  0.26815642 0.22532588 0.18435754 0.20856611 0.20074349
 0.19702602 0.22304833 0.21042831 0.21787709 0.23836127 0.16945996
 0.25325885 0.22718808 0.20856611 0.20260223 0.21375465 0.25836431
 0.2122905  0.20856611 0.23091248 0.141527   0.20111732 0.25698324
 0.21973929 0.21933086 0.24163569 0.24163569 0.25139665 0.23463687
 0.2141527  0.20297952 0.19739292 0.22346369 0.22160149 0.21747212
 0.2063197  0.17843866 0.20856611 0.20670391 0.20856611 0.19925512
 0.21787709 0.22346369 0.19925512 0.23791822 0.23791822 0.20446097
 0.20670391 0.22346369 0.24581006 0.22160149 0.19739292 0.2122905
 0.21973929 0.21003717 0.22304833 0.20260223]

Thus the train average accuracy over all runs was 0.2139777297806207

With a standard deviation of  0.0206510302514645
and highest achieved train accuracy of  0.2681564245810056 .


Training for Dataset nci1.
The Test Accuracies per run were: [0.6350365  0.60583942 0.53041363 0.51581509 0.49148418 0.62043796
 0.6350365  0.62773723 0.47201946 0.63658537 0.49635036 0.50608273
 0.53041363 0.50121655 0.52311436 0.47688564 0.62043796 0.60583942
 0.49391727 0.60731707 0.63746959 0.6350365  0.5377129  0.51581509
 0.60097324 0.60097324 0.61313869 0.54501217 0.62773723 0.5097561
 0.50608273 0.48418491 0.486618   0.51094891 0.63990268 0.6107056
 0.57907543 0.55231144 0.52798054 0.50487805 0.60097324 0.59367397
 0.62773723 0.62530414 0.63990268 0.58880779 0.65693431 0.64476886
 0.54744526 0.64390244 0.49148418 0.60340633 0.62287105 0.48418491
 0.48418491 0.47931873 0.66909976 0.51824818 0.64233577 0.62682927
 0.49635036 0.5863747  0.61557178 0.54987835 0.63260341 0.49635036
 0.66423358 0.51824818 0.486618   0.62439024 0.48418491 0.61557178
 0.57177616 0.61800487 0.50608273 0.66180049 0.56447689 0.66909976
 0.60827251 0.50487805 0.6593674  0.62773723 0.6350365  0.6107056
 0.58880779 0.50851582 0.6350365  0.53041363 0.64476886 0.50731707
 0.48905109 0.52554745 0.48175182 0.51824818 0.6350365  0.55231144
 0.62773723 0.486618   0.52798054 0.63170732]

Thus the test average accuracy over all runs was 0.5704816924811584

With a standard deviation of  0.06148704170982758
and highest achieved test accuracy of  0.6690997566909975 .

The train Accuracies per run were: [0.62736614 0.62682531 0.51270957 0.50811249 0.50513791 0.63115197
 0.62601406 0.6233099  0.50730124 0.62611517 0.50459708 0.50351541
 0.50081125 0.51595457 0.50730124 0.50297458 0.62979989 0.63142239
 0.50108167 0.62206002 0.62439156 0.62736614 0.5        0.49864792
 0.62925906 0.62790698 0.62574365 0.51108707 0.62628448 0.51500406
 0.51541374 0.50594916 0.51135749 0.50297458 0.63034072 0.62655489
 0.63520822 0.51027582 0.51297999 0.50364964 0.63007031 0.63385614
 0.62871823 0.62628448 0.62276906 0.62925906 0.62601406 0.62439156
 0.51081666 0.62773723 0.50135208 0.62249865 0.62412115 0.51162791
 0.51784749 0.50270416 0.62358031 0.4983775  0.62844781 0.62935929
 0.50459708 0.63088156 0.63115197 0.51054624 0.6233099  0.503245
 0.6216874  0.51406165 0.50189292 0.63044066 0.51784749 0.62682531
 0.50189292 0.63277447 0.49972958 0.62060573 0.63601947 0.62520281
 0.63196322 0.50364964 0.62222823 0.62385073 0.62601406 0.63196322
 0.63358572 0.503245   0.62952948 0.50081125 0.62817739 0.50337929
 0.51730665 0.51325041 0.51189832 0.51406165 0.62952948 0.4983775
 0.62871823 0.51757707 0.51297999 0.6288186 ]

Thus the train average accuracy over all runs was 0.5711741746523221

With a standard deviation of  0.06021033959419555
and highest achieved train accuracy of  0.636019469983775 .
